"17-10-20"	"8-7-2-23-22-11-27-18-13-3-5"	"26"	"25"	"24"	"21"	"19"	"16"	"15"	"14"	"12"	"9"	"4"	"6"
"A10_1001000410"	5.66	13.19	7.07	6.23	6.76	16.38	1.22	7.05	7.43	7.21	4.67	6.33	5.55	5.26
"A10_B001010"	5.23	9.6	7.03	5.61	5.32	23.22	1.4	7.27	6.61	10.56	3.95	3.13	5.48	5.59
"A10_B001608"	4.16	16.14	5.18	5.12	4.3	32.6	0	5.25	5.41	5.03	3.11	3.89	4.29	5.53
"A10_B002077"	6.75	8.69	8.47	6.72	5.75	9.21	2.77	6.44	7.57	5.77	5.47	10.77	6.33	9.3
"A10_B002078"	5.74	19.36	7.19	6.16	5.7	11.56	0.05	6.17	6.98	10.86	3.67	6.23	6.05	4.28
"A10_B003048"	3.56	25.55	5.33	4.92	3.39	22.55	0	5.09	4.81	4.04	3.03	6.18	4.17	7.37
"A10_B003125"	3.49	10.84	4.89	7.31	6.27	23.71	0.86	5.45	3.82	13.9	2.7	2.96	10.39	3.41
"A11_1001000410"	6.45	13.83	7.73	6.79	6.17	11.72	2.26	6.73	7.52	5.41	4.91	6.92	5.9	7.64
"A11_B001608"	6.38	15.11	8.35	7.18	6.53	9.58	2.26	5.79	7.42	6.87	4.95	6.91	6.2	6.47
"A11_B003048"	3.98	17.88	5.52	4.9	3.56	11.47	0	6.06	4.9	21.02	3.39	6.58	4.67	6.07
"A11_B003117"	3.24	10.57	5.37	4.2	3.25	9.07	0.27	9.21	4.64	32.57	2.52	2.16	4.59	8.31
"A11_B003643"	5.93	11.19	6.94	7.47	5.86	7.73	1.72	6.66	7.3	13.9	5.81	4.36	6.18	8.94
"A11_B003771"	3.75	25.22	6.61	7.56	8.2	7.26	1.29	8.18	5.34	7.99	3.61	1.95	4.31	8.73
"A11_B003894"	4.51	18.35	5.98	5.12	4.51	18.1	0.78	6.86	5.87	10.88	3.54	2.39	4.64	8.47
"A12_1001000410"	3.52	23.99	3.76	3.42	3.4	41.24	1.83	2.59	3.96	1.72	3.13	2.21	2.81	2.41
"A12_B000860"	5.3	24.74	7.02	5.77	5.21	7.31	2.06	6.76	6.44	7.72	4.17	4.06	4.91	8.53
"A12_B000883"	7.81	5.66	8.79	8.41	7.84	8.96	5.29	7.01	8.89	7.4	7.06	5.02	7.15	4.7
"A12_B001470"	4.17	20.47	5.65	6.42	3.6	11.67	0.21	5.48	4.94	13.29	3.3	9.85	4.84	6.11
"A12_B001543"	5.1	18.54	6.05	5.22	4.99	25.95	1.46	6.2	7.12	4.12	3.42	4.83	4.6	2.39
"A12_B001554"	6.01	18.3	6.45	6.31	6.13	17.72	1.9	5.66	6.77	8.51	4.34	4.09	5.53	2.28
"A12_B001607"	6.25	11.01	7.51	7.41	6.53	11.08	1.32	7.86	7.63	9.4	5.35	4.32	6.57	7.75
"A12_B001608"	5.13	14.18	6.51	6.29	5.12	8.94	0.04	7.24	6.45	18.44	3.46	2.91	5.76	9.52
"A12_B003048"	3.53	30.3	4.88	4.78	3.38	11.23	0	16	4.59	7.7	2.36	3.33	2.4	5.52
"A12_B003523"	4.87	6.8	6.19	5.56	4.82	31.41	1.79	5.45	5.94	5.32	4.51	6.88	4.88	5.58
"A13_B001470"	5.44	7.79	7.17	5.8	5.42	18.29	3.58	8.93	6.62	11	4.42	5.19	5.05	5.28
"A13_B001543"	2.92	29.28	5.22	3.47	2.8	32.68	0	4.77	3.63	2.82	1.95	3.77	3.26	3.43
"A13_B001548"	4.14	45.49	4.97	4.22	4.2	13.32	0.91	3.06	5.07	5.49	2.86	2.61	3.65	0
"A13_B002571"	3.88	27.97	4.82	3.31	3.66	30.28	1.65	3.42	4.08	3.55	3.03	7.32	3.05	0
"A13_B002572"	4.99	34.62	5.49	4.98	5.15	16.47	0.13	4.52	5.85	6.03	2.78	3.32	4.66	1.02
"A13_B003046"	7.28	7.95	8.3	7.85	7.39	10.9	3.53	6.66	8.39	9.85	6.03	4.72	6.63	4.49
"A13_B003093"	6.74	7.09	8.26	7.59	6.25	10.6	3.74	5.89	9.93	7.65	5.67	8.94	6.68	4.96
"A13_B003528"	5.89	26.04	6.54	5.93	6.18	8.3	2.86	5.37	6.59	11.69	4.38	3.81	5.04	1.37
"A14_1001000410"	7.45	7.25	8.48	7.75	6.93	8.94	3.09	6.38	8.35	8.55	5.79	8.92	7.17	4.96
"A14_B001470"	3.15	15.84	4.06	4.08	3.02	47.16	0.32	3.41	3.77	2.77	2.54	3.79	3.4	2.69
"A14_B001543"	5.22	18.54	6.24	5.28	4.91	25.41	1.61	4.55	5.83	5.22	3.84	6.26	4.62	2.48
"A14_B001554"	7.09	5.85	8.15	7.77	7.02	8.64	4.3	7.15	8.18	12.83	6.23	5.1	6.75	4.93
"A14_B001559"	6.19	7.82	6.59	6.4	6.17	31.83	2.24	5.2	6.97	4.84	4.77	3.84	5.51	1.63
"A14_B001608"	4.01	13.98	5.18	4.75	4.25	25.63	0	6.39	5.29	15.27	2.81	1.65	4.59	6.2
"A14_B002571"	4.61	9.3	5.42	4.52	4.48	47.33	0.1	3.39	5.13	3.29	2.93	4.79	4.05	0.67
"A15_B001475"	3.5	27.85	3.54	3.45	3.15	33.62	0.38	14.56	3.82	0.95	2.32	1.25	1.61	0
"A15_B001543"	6.07	21.14	7.86	6.71	6.12	12.22	2.35	4.9	7.44	5.24	5.05	6.57	5.62	2.72
"A15_B001545"	6.86	9.16	7.64	7.03	6.33	7.7	1.73	17.41	7.83	6.03	5.12	7.43	5.15	4.59
"A15_B001548"	2.63	37.03	4.01	3.18	2.68	32.57	0	2.89	3.27	1.94	0.58	4.89	3.49	0.84
"A15_B001556"	5.06	20.6	6.23	4.94	4.74	21.26	2.31	4.44	6.5	5.65	3.48	6.58	4.37	3.84
"A15_B002571"	5.62	2.59	7.58	5.33	5.69	36.57	2.11	3.95	6.16	4.31	4.57	8.92	4.7	1.9
"A15_B002572"	3.44	7.47	4.38	3.66	3.52	50.6	0.29	4.75	4.58	6.48	2.47	2.1	3.43	2.86
"A15_B002573"	5.75	8.49	8.32	7.19	5.62	18.64	1.69	5.63	7.15	5.58	5.01	11	6.21	3.74
"A15_B003046"	6.01	12.81	7.74	7.9	6.09	12.63	1.96	5.53	7.23	5.32	5.97	8.41	6.43	5.96
"A15_B003115"	3.72	6.54	5.31	4.41	3.68	33.05	0.73	5.35	4.65	14.86	2.85	3.21	4.2	7.44
"A16_1001000378"	8.09	4.38	9.16	8.5	8.2	9.03	5.18	6.61	9.11	7.73	7.7	5.92	7.16	3.24
"A16_B001470"	4.64	5.2	6.05	4.9	4.04	40.54	1.57	4.28	5.28	2.44	3.87	7.85	4.35	5
"A16_B001474"	2.77	26.82	3.84	2.67	2.94	43.58	0	3.49	3.35	4.64	0.62	2.09	2.75	0.43
"A16_B001545"	7.16	14.09	7.9	7.45	7.28	12.41	3.52	6.02	8.15	6.41	5.56	4.82	6.51	2.75
"A16_B001551"	2.06	82.04	1.9	1.68	2	1.19	2.91	0.69	1.98	0.4	2.2	0	0.96	0
"A16_B001608"	3.92	22.23	5.04	4.82	3.91	29.2	0	4.33	5.14	2.33	3.06	4.63	4.57	6.83
"A16_B002572"	4.98	7.44	6.74	5.03	4.99	36.22	1.1	3.99	6.13	4.74	3.5	8.25	4.63	2.26
"A16_B003117"	2.31	6.6	3.73	2.87	2.33	31.61	0	6.49	3.12	30.1	1.45	1.42	3.32	4.65
"A17_1001000378"	6.95	3.86	8	7.55	6.76	15.45	4.14	6	7.78	10.64	5.87	5.22	6.4	5.38
"A17_B000861"	3.05	32.12	5.44	3.05	2.79	10.61	0	4.6	3.56	17.86	1.39	4.96	3.19	7.37
"A17_B001475"	4.98	23.68	7.47	5.57	5.28	7.88	2.64	8.19	6.44	6.3	4.57	4.85	5	7.12
"A17_B001543"	7.21	21.98	8.17	7.23	7.31	7.88	2.24	5.53	7.95	6.33	5.06	5.3	6.4	1.41
"A17_B001545"	6.78	10.05	9.26	7.43	6.74	12.18	1.94	5.65	8.64	6.32	5.61	8.76	6.43	4.21
"A17_B001548"	6.06	18.84	7.53	7.47	5.95	6.48	0.86	12.4	7.03	4.99	5.25	8.79	5.54	2.82
"A17_B001551"	6.92	12	8.1	8.22	7.01	8.48	3.7	6.67	8.05	6.85	7.32	5.59	6.78	4.3
"A17_B001557"	4.08	35.36	4.75	5.48	4.03	4.3	0.33	6.68	5.09	11.87	3.71	6.51	4.75	3.07
"A17_B001608"	6.77	9.27	8.43	7.7	6.78	9.53	3.38	7.75	8.29	6.28	6	4.22	6.58	9.02
"A17_B002571"	6.28	3.5	7.58	6.31	6	26.15	3.92	5.73	7.3	7.24	5.02	6.03	5.33	3.61
"A17_B002572"	3.94	10.44	4.28	3.94	3.83	50.82	2.2	3.34	4.34	2.66	3.6	2.09	3.26	1.26
"A17_B003115"	7.53	4.72	9.23	8.09	7.39	8.72	4.67	6.76	8.53	7.46	6.69	6.45	7.06	6.71
"A17_B003643"	3.23	12.21	4.75	4.18	2.97	16.51	0	7.64	4.73	23.75	3.05	0.89	4.96	11.13
"A18_1001000378"	6.5	15.95	7.4	6.78	6.67	16.97	2.25	5.93	7.44	7.83	5.17	4.12	5.84	1.17
"A18_B000860"	5.07	19.96	7.77	5.71	5.79	15.11	2.65	6.44	6.61	4.04	4.38	4.94	4.92	6.62
"A18_B000862"	3.58	21.87	6.43	4.51	3.85	8.65	0.27	8.69	5.63	15.26	4.13	3.68	4.11	9.33
"A18_B001475"	4.77	16.02	5.63	4.82	4.89	38.84	1.71	3.87	5.23	3.2	3.56	3.49	3.98	0
"A18_B001543"	5.34	11	7.28	5.41	5.24	30.16	0.36	5.56	6.15	6.76	3.75	5.12	5.41	2.47
"A18_B001551"	2.04	45.84	3.31	1.7	2.09	29.8	0	2.56	2.57	2.97	0	3.5	1.53	2.08
"A18_B001554"	5.7	26.07	6.93	6.51	5.87	9.17	1.74	7.27	6.92	4.84	4.39	3.13	5.59	5.88
"A18_B001608"	7.01	6.45	8.12	7.46	6.85	9.88	2.93	6.17	7.92	8.78	6.05	8.06	6.38	7.95
"A18_B002571"	7.59	7.19	8.49	7.88	7.78	11.17	3.8	6.58	8.61	9.03	6.3	4.87	6.8	3.92
"A18_B003046"	4.91	37.52	5.43	5.08	4.77	11.09	3.32	3.66	5.4	4.53	4.1	4.17	3.91	2.12
"A18_B003048"	6.94	9.32	8.16	7.48	6.88	12.61	3.77	5.91	8.17	6.96	5.62	5.63	6.55	6.01
"A18_B003093"	3.9	10.39	4.6	4.39	4.01	53.02	0.66	2.5	4.46	1.54	2.94	3.5	3.38	0.7
"A18_B003523"	2.53	30.81	3.21	2.14	2.08	34.6	0.2	4.53	2.77	8.28	1.54	2.79	2.03	2.47
"A18_B003577"	6.96	9.99	8.34	7.65	7	9.71	2.99	7.14	8.35	7.02	5.66	4.86	6.86	7.49
"A19_1001000378"	6.6	9.93	7.29	7.98	6.5	10.06	3.14	7.23	7.52	15.29	5.53	3.8	6.24	2.89
"A19_B001470"	5.25	21.36	7.7	5.64	5.47	24.66	0	4.87	6.13	3.75	3.47	5.7	5.55	0.45
"A19_B001543"	4.66	8.29	7.48	4.94	4.32	14.81	1.08	7.76	5.5	16.54	3.5	8.62	4.9	7.6
"A19_B001545"	4.06	12.21	4.33	4.05	3.59	10.29	0	25.27	4.45	23.65	2.49	4.5	1.09	0
"A19_B001548"	6.2	23.38	8.18	6.44	6.88	11.02	1.43	5.7	7.45	5.4	4.2	5.94	5.76	2.01
"A19_B001551"	4.58	15.61	7.58	6	5.53	12.46	2.28	9.95	6.65	3.87	4.42	3.28	5.37	12.41
"A19_B001559"	4.07	20.93	5.46	4.89	4.28	23.17	0	6.65	5.48	8.26	2.93	3.34	5	5.55
"A19_B001608"	3.23	31.64	5.49	4.17	3.58	11.94	0	6.09	4.56	14.14	2.05	2.41	3.83	6.89
"A1_B000280"	6.55	16.67	9.14	6.82	6.77	9.66	3.37	5.72	7.47	5.78	5.07	7.1	5.92	3.95
"A1_B000422"	3.37	29.91	3.35	2.58	3.01	44.17	1.04	1.13	3.25	0.36	1.02	4.42	2.37	0
"A1_B000429"	7.06	2.64	7.41	7.36	6.95	24.15	4.81	5.47	7.77	6.58	6.28	4.65	6.18	2.69
"A1_B000430"	4.24	4.73	5	4.51	4.19	46.78	0.91	4.23	5	5.38	3.23	2.78	3.96	5.06
"A1_B001008"	5.16	6.14	6.44	5.8	4.88	22.31	1.96	6.11	6.18	9.06	8.52	6.15	5.18	6.12
"A1_B001016"	6.83	6.56	9.06	7.18	7.07	12.12	3.25	6.75	8.04	11.1	5.5	7.47	6.47	2.61
"A1_B002078"	5.8	7.95	6.72	6.09	5.63	30.82	2.6	4.7	6.77	4.46	4.74	4.19	5.31	4.21
"A1_B002079"	6.04	9.07	7.09	6.22	5.98	27.26	1.97	6.18	6.91	4.6	4.89	4.64	5.64	3.52
"A1_B003117"	2.86	9.6	3.5	3.15	2.93	58.64	0.07	3.08	3.58	2.35	1.98	1.42	2.88	3.96
"A1_B003522"	4.21	8.58	4.44	4.27	4.04	49.16	1.94	4.61	4.62	2.92	3.4	3.33	3.33	1.15
"A1_B003529"	5.5	9.37	7.55	6.5	5.77	22.25	0.99	5.68	6.69	4.81	5.41	8.22	6.03	5.24
"A1_B003771"	2.78	5.94	3.11	3.03	2.81	62.03	0.22	3.43	3.28	5.08	2.02	1.35	3.08	1.85
"A1_B003930"	3.71	3.93	4.56	4.12	3.7	56.96	1.56	3.29	4.41	1.4	3.25	3.4	3.72	1.99
"A20_1001000378"	7.06	7.39	9.32	7.6	7.18	8.79	3.32	6.13	8.01	10.75	5.84	8.02	6.71	3.88
"A20_1001000410"	7.2	14.91	8.05	7.79	7.37	9.41	2.72	6.57	8.44	7.92	5.63	4.5	6.44	3.06
"A20_B000883"	3.12	0.44	3.26	3.25	3.15	66.83	2.28	2.21	3.37	4.5	2.84	1.8	2.72	0.24
"A20_B000901"	4.08	0.3	5.22	4.23	4.23	58.03	3.08	2.51	4.38	2.03	3.81	4.44	3.56	0.09
"A20_B001470"	6.09	15.5	7.31	6.28	6.43	24.31	1.29	5.05	7.03	4.96	4.36	4.64	5.4	1.36
"A20_B001543"	3.4	55.11	4.9	4.18	2.97	3.28	1.6	1.66	3.65	2.92	3.36	8.15	3.32	1.51
"A20_B001548"	6.01	27.32	7.43	6.25	6.14	8.35	3.06	5.06	6.91	7.04	4.99	4.09	5.39	1.95
"A20_B001554"	5.29	34.25	5.83	6.17	5.52	10.45	1.3	4.03	5.94	4.81	4.63	6.03	5.16	0.6
"A20_B001556"	4.87	17.21	6.41	5.68	4.23	14.77	1.01	8.08	5.97	5.25	4.19	7.76	5.37	9.2
"A20_B001557"	4.33	16.74	6.66	5.15	4.35	29.11	0.5	4.21	5.67	3.36	3.65	8.33	4.51	3.44
"A20_B002572"	3.61	42.83	3.91	2.94	3.51	25.04	2.29	2.35	3.91	1.35	3.35	2.51	2.41	0
"A20_B002573"	5.81	43.51	6.43	5.22	6.14	5.57	2.3	3.33	6.1	4.51	2.15	4.6	4.33	0
"A20_B003648"	3.37	11.28	5.02	4.44	3.35	9.69	0.91	9.63	4.79	29.67	2.8	0.97	4.82	9.24
"A20_B003659"	2.57	4.92	3.19	3	2.18	43.85	0.45	4.36	3.08	18.59	1.91	1.9	3.22	6.78
"A21_1001000366"	4.18	13.37	4.29	4.2	4.26	45.65	1.2	2.96	4.53	7.11	2.97	1.82	3.47	0
"A21_1001000378"	5.04	5.07	6.4	5.52	4.32	27.89	1.08	5.51	5.62	10.65	4.06	8.79	5.3	4.74
"A21_1001000410"	6.42	6.01	7.19	6.75	6.59	28.92	3.35	4.98	7.21	5.2	5.41	4.24	5.49	2.22
"A21_B000860"	4.34	16.56	6.36	7.56	4.16	6.96	0.18	5.89	5.94	14.09	4.27	8.35	5.7	9.65
"A21_B000887"	2.68	4.66	4.57	3.34	2.03	7.24	0.01	7.28	3.33	43.68	1.48	4.27	4.24	11.2
"A21_B000901"	6.04	1.71	8.87	6.31	6.29	27.8	4.16	4.56	6.64	6.12	5.43	8.46	5.69	1.9
"A21_B001470"	6.06	10.72	7.1	7.56	5.73	15.31	2.22	10.3	7.12	4.95	5.35	7.27	5.48	4.82
"A21_B001545"	5.11	14.44	8.39	6.51	4.91	18.33	0	6.41	6.56	5.28	4.67	8.4	5.83	5.17
"A21_B001548"	2.55	20.4	3.79	2.59	2.86	50.85	0	3.01	3.21	2.64	1.73	3.23	2.47	0.69
"A21_B001556"	6.42	11.51	7.24	7.14	6.55	16.87	4	5.93	7.81	5.93	5.66	4.79	5.95	4.21
"A21_B001559"	5.23	21.6	6.92	5.19	4.83	10.36	1.06	5.84	6.03	8.94	4.25	8.51	4.84	6.4
"A21_B001608"	6.36	14.08	8.65	7.16	6.91	11.7	2.31	6.34	7.73	5.64	4.89	5.29	6.32	6.61
"A21_B002571"	4.61	20.58	5.43	4.14	4.49	32.72	2.2	2.8	4.95	4.68	2.93	7	3.47	0
"A21_B002572"	5.42	9.87	7.09	5.87	5.94	30.76	1.75	4.52	7.57	4.9	4.04	4.56	5.04	2.66
"A21_B003048"	2.1	69.84	2.39	1.92	2.14	5.43	0	1.63	2.36	7.5	0	3.11	1.57	0
"A21_B003070"	18.44	30.37	4.98	4.06	6.14	5.89	1.64	5.41	4.86	4.01	3.15	0.98	3.84	6.24
"A21_B003115"	4.89	12.21	6.66	5.58	4.56	8.21	1.25	6.72	6.03	18.8	3.48	4.39	5.51	11.7
"A21_B003126"	4.01	7.98	5.39	4.44	3.74	39.62	1.22	4.4	4.69	2.71	3.9	10.63	3.85	3.41
"A21_B003187"	59.1	1.93	2.87	2.43	1.65	17.13	0.15	1.6	2.61	1.98	1.73	2.56	2.16	2.1
"A21_B003191"	4.74	20.39	5.68	4.5	4.67	34.76	2.79	2.73	5.09	2.68	3.54	3.66	3.76	1
"A21_B003648"	1.01	6.07	1.7	1.52	0.76	31.14	0	7.13	1.66	42.06	0.15	0	2.96	3.84
"A22_1001000378"	5.72	4.33	8.67	5.82	4.94	9.94	1.39	5.97	6.29	17.31	4.21	11.64	5.62	8.15
"A22_B000862"	4.03	7.6	4.87	4.62	4.3	41.57	1.36	4.44	4.97	7.88	3.22	2.69	3.93	4.54
"A22_B001543"	4.34	29.11	5.09	4.23	4.04	23.45	0.3	4.49	5.13	4.79	2.79	5.11	4.19	2.94
"A22_B001545"	4.77	17.59	6.33	5.77	4.45	19.49	0	4.19	5.53	4.31	4.11	14.66	5.29	3.5
"A22_B001548"	4.15	20.28	6.02	5.31	3.87	16.03	0	6.45	5.43	9.64	3.16	7.18	4.99	7.48
"A22_B001556"	6.64	10.55	8.13	6.74	6.82	18.12	2.04	5.7	7.8	6.42	5.07	6.68	6.09	3.19
"A22_B001557"	6.78	13.85	9.48	12.62	6.91	8.61	2.3	5.15	7.46	5.96	4.97	7.47	6.51	1.94
"A22_B001608"	4.17	30.22	4.8	4.32	4.2	26.69	0	3.85	4.93	5.13	1.76	3.96	3.6	2.38
"A22_B001617"	5.74	9.01	6.79	6.77	5.54	10.71	2.38	8.02	7.09	14.43	4.77	3.11	5.92	9.74
"A22_B002571"	6.83	8.04	8.95	6.72	6.77	15.81	2.04	6.39	7.87	5.71	4.96	10.51	6.55	2.85
"A22_B002572"	3.59	20.83	3.86	3.36	3.51	49	0.19	2.01	3.89	2.17	1.59	3.33	2.66	0
"A22_B003048"	5.26	9.9	6.03	6.37	5.21	13.74	1.09	7.3	6.97	17.05	4.17	3.55	5.81	7.55
"A22_B003523"	4.04	10.89	5.09	4.24	4.09	45.53	0.75	3.81	4.56	4.6	3.07	4.14	3.54	1.67
"A2_1001000340"	3.97	14.98	4.7	4.4	4	31.28	0	5.65	4.9	14.08	2.63	1.32	3.92	4.17
"A2_1001000376"	4.31	11.41	5.47	4.19	3.21	28.08	0	20.53	4.86	2.38	2.59	6.8	2.68	3.5
"A2_B000280"	4.13	15.84	6.47	4.98	4.18	10.67	0	7.98	5.67	14.98	2.62	4.29	6.06	12.13
"A2_B000429"	6.19	3.77	6.48	6.38	6.03	23.06	3.32	5.96	6.92	15.36	5.05	3.52	5.66	2.31
"A2_B002077"	2.98	10.51	3.99	3.34	3.19	50.94	0.15	6.95	3.78	6.4	2.06	1.41	2.53	1.77
"A2_B003048"	4.1	27.33	4.83	4.11	4.41	33.64	0.79	3.53	4.97	2.1	3.18	2.71	3.58	0.73
"A2_B003071"	4.52	22.17	7.41	6.05	5.29	8.85	0	9.1	6.55	4.29	5.99	3.89	6.04	9.85
"A2_B003771"	5.47	10.49	8.08	6.18	7.47	12	1.85	8.67	6.96	10.22	4.67	6	5.48	6.47
"A2_B003920"	6.51	8.36	7.46	6.78	6.59	23.8	3.07	5.22	7.28	5.34	5.36	6	5.82	2.43
"A3_1001000376"	3.88	4.76	4.9	3.81	3.54	53.98	0.35	3.21	4.27	3.11	2.76	5.52	3.42	2.48
"A3_1001000410"	5.64	7.29	6.48	6.18	5.65	25.75	2.88	6.15	6.65	8.03	4.96	5.45	5.19	3.71
"A3_B000422"	6.44	6.73	7.81	6.52	5.91	19.58	2.98	6.09	7.42	5.25	5.1	9.65	5.92	4.61
"A3_B001607"	5.26	6.7	5.95	5.92	5	17.05	1.57	6.43	6.3	19.77	4.08	3.4	5.26	7.31
"A3_B001608"	5.21	11.56	6.76	6.49	4.93	16.04	0.51	6.55	6.67	7.19	3.94	4.84	5.69	13.62
"A3_B001617"	6.99	8.54	8.51	8.04	7.03	11.24	3.4	7.49	8.31	6.37	5.92	4.47	6.73	6.96
"A3_B002074"	3.08	11.14	5.93	3.57	3.05	44.53	0.19	7.24	4.34	0.9	2.34	3.74	3.31	6.65
"A3_B002097"	3.49	8.66	3.68	3.44	3.55	62.96	1.12	1.65	3.72	0.7	2.31	2.07	2.65	0
"A3_B003117"	4.79	8.76	7.13	5.94	5.11	31.24	1.04	5.93	6	3.66	3.96	4.67	5.11	6.68
"A3_B003777"	7.26	6.23	9.05	7.25	6.76	9.84	3.32	8.47	8.87	9.57	5.8	4.26	7.6	5.74
"A4_1001000376"	4.19	13.75	5.4	4.75	4.14	39.88	0	5.51	5.09	2.27	2.94	3.08	4.6	4.39
"A4_B000420"	5.25	11.92	6.22	5.92	5.6	30.86	1.04	5.02	6.37	3.88	3.97	3.91	5.22	4.82
"A4_B001008"	7	5.28	8.85	7.2	7.12	16.84	3.53	6.3	8.03	8.02	5.89	6.84	6.35	2.74
"A4_B001016"	3.46	8.19	5.78	5.91	3.3	35.44	0.17	6.85	4.49	12.38	2.57	1.8	3.78	5.88
"A4_B001607"	7.88	5.93	8.46	8.17	8.04	9.03	4.39	7.37	8.85	7.29	6.51	6.31	6.94	4.84
"A4_B001608"	4.64	7.22	5.89	6.62	4.3	34.9	1.53	5.25	5.75	4.57	3.97	6.37	4.02	4.96
"A4_B001617"	7	8.88	8.43	7.66	7.11	9.01	3.27	7.27	8.32	6.87	5.81	6.32	6.7	7.34
"A4_B002074"	4.58	10.12	6.24	4.98	4.27	34.86	0.92	4.78	5.23	4.41	3.55	7.66	4.29	4.1
"A4_B002077"	6.25	12.51	9.36	7.04	6.33	8.97	1.93	7.44	7.79	5.67	5.07	6.31	6.35	9
"A4_B002079"	6.36	13.81	8.36	6.79	6.51	16.02	3.02	5.78	7.69	5.65	5.06	5.37	5.84	3.74
"A4_B003117"	4.03	49.49	4.71	3.8	4.16	5.55	4.48	3.68	4.69	3.51	4.31	0.63	3.43	3.53
"A4_B003777"	6.81	7.59	8.2	7.55	7.06	9.03	4.23	8.11	8.22	8.72	6.26	5.22	6.61	6.39
"A5_1001000365"	6.99	3.04	7.51	7.48	7	24.57	5.28	5.26	7.67	6	6.39	4.58	6.19	2.05
"A5_1001000410"	5.97	19.7	8.4	7.57	6.63	9.1	0.57	5.06	7.25	5.33	4.97	9.53	6.38	3.53
"A5_B001016"	6.34	14.01	7.31	7.02	6.09	8.01	2.46	6.52	7.61	11.73	5.3	5.84	6.16	5.62
"A5_B001608"	4.73	16.67	6.16	5.84	4.86	9.74	0.62	7.6	6.17	17.83	3.5	2.39	5.26	8.65
"A5_B002077"	4.34	13.11	5.48	4.18	4.06	38.77	1.77	3.63	4.78	5.64	2.8	5.14	3.74	2.56
"A5_B002097"	3.38	7.52	4.05	3.45	2.99	54.37	0	3.23	3.79	2.88	2.23	5.27	3.57	3.26
"A5_B003771"	4.24	16.95	5.52	5.92	3.69	21.21	0	5.87	5.36	4.26	3.58	9.17	5.37	8.85
"A6_B000422"	4.53	9.36	5.49	4.56	4.17	39.85	1.39	3.86	5.19	4.3	3.92	5.44	3.98	3.97
"A6_B001607"	5.97	13.63	6.82	8.74	6.17	10.85	1.62	6.92	7.21	10.21	4.42	2.75	5.85	8.83
"A6_B001608"	5.48	22.8	8.22	5.94	5.77	12.72	1.47	4.69	6.47	4.35	4.07	8.32	5.37	4.33
"A6_B002097"	3.81	6.19	4.91	4.42	3.89	49.08	1.89	4.89	4.76	1.75	3.68	2.31	3.64	4.79
"A6_B003776"	6.4	11.88	7.5	6.87	6.42	11.09	3.39	7.87	7.59	9.68	5.12	4.28	5.81	6.09
"A6_B003920"	5.34	13.33	7.49	6.05	5.15	19.8	1.39	8.15	6.77	4.08	4.54	4.06	5.91	7.93
"A7_B001016"	5.07	8.41	7.01	5.93	4.67	25.65	1.96	5.71	6.4	3.7	4.46	7.73	5.19	8.12
"A7_B001607"	3.81	5.5	4.62	6.16	3.86	44.18	0.92	4.51	4.63	8.31	3.26	1.86	3.73	4.66
"A7_B001608"	4.64	17.95	6.45	5.56	4.93	14.88	0.3	7.75	6.19	12.8	3.72	2.5	5.06	7.27
"A7_B002074"	5.33	7.87	6.91	5.48	5.14	30.53	1.26	5.27	6.14	5.2	6.65	5.55	5.08	3.6
"A7_B003048"	3.74	15.89	4.03	3.69	3.94	51.67	0.63	2.94	4.3	1.28	2.12	1.79	2.94	1.04
"A7_B003117"	5	21.12	6.91	6.29	5.36	8.58	2.35	8.65	6.79	6.66	5.1	2.01	5.39	9.79
"A7_B003920"	6.45	5.68	7.45	11.18	5.05	12.42	1.96	7.33	6.81	4.72	4.92	12.43	6.59	6.99
"A8_B001607"	7.3	6.54	8.32	7.89	7.18	9.19	3.91	6.86	8.33	10.53	6.16	5.76	6.7	5.32
"A8_B001617"	7.37	4.93	8.07	7.75	7.15	16.34	4.09	5.93	8.28	6.53	6.27	6.17	6.58	4.53
"A8_B001621"	5.56	2.25	5.82	5.94	5.32	41.34	2.94	3.88	6.21	5.23	4.51	4.1	4.63	2.26
"A8_B002077"	5.76	6.68	7.19	6.14	5.8	29.21	3.11	8.53	6.84	4.32	4.96	3.19	4.96	3.33
"A8_B002079"	4.92	24.28	6.45	4.29	4.4	26.55	0.15	3.77	5.41	2.67	2.87	8.4	4.86	0.97
"A8_B003048"	3.45	5.66	4.37	3.93	3.6	55.4	0.5	3.48	4.18	4.31	2.6	2.21	3.37	2.94
"A8_B003771"	3.49	29.58	4.46	3.52	3.18	37.07	0.18	2.85	3.64	0.81	2.32	4.79	2.92	1.19
"A8_B003776"	4.56	56.58	4.13	3.93	4.45	3.48	3.92	1.89	4.57	4.98	3.48	0.75	3.29	0
"A8_B003777"	7.12	9.81	7.98	7.61	6.9	8.67	2.94	7.27	8.07	10.89	5.67	5.39	6.63	5.04
"A9_B000420"	3.25	13.11	3.28	3.04	3.14	55.13	1.47	2.28	3.71	4.14	2.67	1.47	2.63	0.68
"A9_B000422"	6.63	9.96	8.71	7.59	6.53	12.43	2.57	6.09	8.24	6	6.1	8.16	6.44	4.54
"A9_B001608"	4.78	19.38	6.86	5.87	4.34	13.21	0	6.41	6.09	5.53	3.01	7.77	5.63	11.13
"A9_B001621"	5.86	2.29	6.2	6.08	5.64	36.99	3.66	4.16	6.47	4.25	5.01	3.86	5.08	4.44
"A9_B002074"	0	22.86	0	3.24	0	73.9	0	0	0	0	0	0	0	0
"A9_B002078"	7.19	6.96	8.14	7.62	7.36	9.49	3.82	6.65	8.13	11.47	6.11	6.17	6.84	4.05
"A9_B002097"	5.85	11.49	7.62	7.11	5.88	13.56	1.73	6.01	6.78	4.64	5.55	11.51	6.03	6.23
"A9_B003048"	7.26	7.91	8.42	8.04	7.23	9.26	3.96	7.05	8.54	7.18	6.4	4.74	7.07	6.94
"A9_B003112"	6.08	6	8.68	6.49	6.55	14.43	2.87	6.75	7.01	11.09	4.9	8.02	5.94	5.2
"A9_B003894"	4.29	17.45	4.13	4.15	4.39	29.17	3.46	4.15	4.61	13.69	4.09	2.1	3.72	0.6
"A9_B003920"	5.98	15.04	6.78	6.87	5.54	7.35	3.87	13.55	6.96	8.41	4.94	5.27	4.88	4.55
"A9_B003930"	5.46	7.24	6	5.69	5.4	37.05	2.39	4.92	6.2	3.76	4.21	3.44	4.75	3.47
"B10_B001010"	4.52	11.32	8.16	5.34	4.29	9.45	0.44	8.75	6.11	13.77	3.94	9	5.06	9.84
"B10_B001608"	5.25	14.45	6.91	6.67	5.31	11.3	1.53	8.39	6.99	10.05	3.8	2.49	6.03	10.82
"B10_B002077"	7	14.4	8	7.36	7.13	11.6	4.09	6.51	7.97	6.18	5.61	3.93	6.24	3.97
"B10_B002079"	5.1	22.12	7.87	5.76	5.15	10.72	1.2	8.68	6.76	7.64	3.58	3.31	5.85	6.27
"B10_B003048"	2.89	22.72	4.11	4.74	2.83	33.78	0.61	3.69	3.88	2.5	3.65	5.55	3.89	5.17
"B10_B003103"	6.58	10.35	7.58	7.6	6.26	14.41	2.45	6.02	7.55	6.18	5.52	8.37	6.74	4.36
"B10_B003771"	3.68	22.36	4.09	3.76	3.73	42.38	0	3.73	4.51	2.33	2.13	2.58	3.73	0.98
"B10_B003920"	7.85	7.95	8.65	8.35	7.88	9.12	4.35	6.8	8.94	7.39	6.55	5.18	7.24	3.73
"B11_B001608"	4.93	24.98	5.8	5.11	4.77	22.07	0.58	4.51	5.77	4.05	2.83	4.86	4.39	5.35
"B11_B003048"	6.94	6.66	8.44	7.02	6.14	10.99	3.74	7	7.74	5.82	5.57	10.26	6.6	7.07
"B11_B003930"	7.01	11.45	7.82	7.5	6.98	12.04	4.87	6.25	7.9	6.21	7.39	4.25	6.28	4.04
"B12_B000862"	3.98	31.29	5.13	4.08	3.82	19.42	3.12	4.75	4.86	3.85	3.28	2.95	3.3	6.19
"B12_B001475"	4.79	9.74	4.98	4.86	4.76	42.9	4.27	3.06	5.15	2.76	4.63	2.83	4.02	1.25
"B12_B001548"	4.11	15.04	6.36	4.83	4.17	25.4	1.55	13.86	5.18	2.17	3.41	5.68	3.44	4.77
"B12_B001559"	4.77	13.39	5.59	4.85	4.68	40.6	2.43	3.76	5.43	2.77	3.67	2.37	3.85	1.83
"B12_B001607"	5.93	15.61	7.44	6.94	6.17	10.45	1.16	7.67	7.45	6.54	4.69	4.95	6.3	8.71
"B12_B001608"	4.97	23.02	6.43	5.13	4.86	16.4	0	5.22	5.89	3.73	2.53	8.12	5.26	8.44
"B12_B003115"	4.97	0.83	5.54	5.08	5.02	48.35	4.6	3.29	5.38	3.32	4.49	4.13	4.24	0.74
"B12_B003577"	4.01	9.46	5.43	5.35	3.88	8.82	0.58	8.8	5.26	28.47	3.58	4.07	5.2	7.07
"B13_1001000410"	4.66	13.17	5.5	5.03	4.19	24.54	0.34	6.11	5.94	11.42	2.93	5.1	4.87	6.2
"B13_B001470"	3.06	41.09	3.07	2.61	3.05	30.89	3.43	1.65	3.2	2.01	3.02	0.61	2.31	0
"B13_B001475"	6.91	5.7	8.33	7.7	7.04	11.74	6.63	7.36	8.13	6.8	6.59	4.71	6.39	5.98
"B13_B001543"	2.12	23.58	2.97	5.26	2.1	41.28	0	3.3	2.9	2.68	0.79	7.33	3.15	2.54
"B13_B001608"	6.59	12.37	8.04	7.48	6.6	9.17	2.39	7.3	8.05	8.03	5.12	5.44	6.64	6.77
"B13_B002573"	5.11	10.73	7.46	5.68	5.34	29.14	1.45	6.05	6.5	3.95	4.19	4.19	4.88	5.34
"B13_B003046"	5.81	42.41	6.1	5.58	6.05	5.29	2.97	3.5	6.28	5.09	4.22	2.45	4.24	0
"B14_B000860"	6.01	10.74	7.43	8.21	6	10.72	1.72	6.97	7.42	13.27	4.84	4.67	6.2	5.81
"B14_B001548"	5.1	31.17	6.5	5.46	5.09	9.41	1.29	5.74	6.08	5.61	3.44	4.73	4.7	5.67
"B14_B001559"	6.54	22.45	7.98	6.57	7	10.44	1.51	5.39	7.46	6.74	4.38	6.06	5.63	1.84
"B14_B002572"	5.49	19.76	7.21	6.65	5.03	15.64	0	5.27	6.98	6.45	3.2	8.18	5.63	4.5
"B14_B003528"	2.81	54.76	3.84	2.65	2.81	13.84	0.7	2.08	3.18	5.47	1.77	3.76	2.33	0
"B15_B001543"	5.44	26.98	6.68	7.82	5.57	7.72	0.04	7.03	6.83	4.95	4.06	5.81	5.84	5.23
"B15_B001545"	2.83	13.6	4.38	3.15	2.47	44.54	0	7.64	3.91	0.26	1.81	5.83	2.97	6.63
"B15_B001548"	3.39	19.35	6.98	6.97	2.95	7.86	0	5.54	5.26	6.98	4.81	13.91	6.15	9.87
"B15_B001551"	6.21	8	8.45	6.78	5.98	14.89	2.33	6.29	7.45	7.62	5.08	8.37	6.01	6.54
"B15_B001608"	4.81	30.33	5.47	4.84	4.55	22.16	0	3.46	5.41	2.92	2.1	5.92	4.39	3.64
"B15_B003046"	4.61	13.86	5.48	5.2	4.65	37.46	0.83	4.67	5.5	2.78	3.47	2.72	4.14	4.64
"B15_B003523"	4.88	10.09	6.92	5.78	4.96	18.22	2.26	8.52	6.28	9.51	4.5	3.32	5.25	9.5
"B16_1001000378"	5.56	1.94	6.36	5.87	5.6	39.09	4.57	4.32	6.2	4.37	5.1	4.29	4.92	1.81
"B16_B000861"	6.85	8.61	8.25	7.12	6.66	14.63	2.99	7.8	8.92	5.99	5.73	4.57	7.13	4.78
"B16_B001474"	4.04	15.77	4.83	4.22	4.21	38.96	0.76	4.82	4.91	8.54	2.79	2.06	3.55	0.55
"B16_B001543"	4.78	34.01	5.66	6.14	4.7	11.1	0	4.8	5.9	4.32	3.91	7.39	5.4	1.88
"B16_B001548"	6.83	11.5	8.4	7.31	6.92	13.34	3.03	7.07	8.41	6.29	5.68	3.58	6.62	4.99
"B16_B001559"	6.87	7.97	8.29	7.53	6.8	9.91	3.72	7.65	8.14	7.02	6.08	6.11	6.55	7.34
"B16_B001608"	5.31	7.92	6.27	6.09	4.96	29.45	1.55	5.3	6.03	6.18	4.16	6.1	5.04	5.63
"B16_B002571"	4.25	16.42	4.45	3.85	4.03	45.22	1.47	2.04	4.92	2.01	3.23	4.86	3.25	0
"B16_B002572"	3.78	31.74	6.28	3.62	3.86	31.12	0	2.73	4.39	1.9	1.73	5.44	3.42	0
"B16_B002573"	4.51	4.08	4.96	5.16	4.42	51.53	1.93	3.36	5.19	2.6	3.51	3.03	3.93	1.79
"B16_B003048"	6.18	12.29	7.64	6.58	5.34	10.82	0.39	6.24	7.09	6.9	4.46	10.88	6.34	8.84
"B16_B003930"	15.43	2.96	7.67	7.4	6.53	7.78	4.39	5.66	8.03	7.61	5.85	7.08	6.4	7.21
"B17_1001000378"	5.75	9.55	7.22	6.69	6.08	22.51	2.54	6.98	6.92	4.81	5.93	4.06	5.63	5.34
"B17_B001543"	6.37	14.27	7.66	7.97	6.31	8.21	2.45	7.68	7.77	6.68	5.81	5.89	6.73	6.19
"B17_B002571"	3.04	34.01	3.47	4.79	2.69	25.34	0	2.86	3.85	1.8	3.53	10.39	3.48	0.75
"B17_B002572"	5.99	9.15	8.14	6.57	5.8	9.39	2.45	7.69	7.37	13.8	5.57	4.55	5.95	7.59
"B17_B003046"	2.5	10.02	3.62	4.25	1.61	42.74	0	3.21	3.12	6.72	2.29	10.12	3.55	6.24
"B17_B003048"	6.37	10	8.05	7.63	6.13	9.93	2.75	7.71	7.83	5.73	6.09	5.43	6.38	9.96
"B17_B003093"	3.51	7.93	4.33	3.44	3.14	55.24	0.6	2.74	3.83	1.67	2.5	5.93	3.17	1.98
"B17_B003577"	3.4	22.07	5.36	4.21	3.34	8.47	0	6.07	4.39	23.33	4	4.75	4.24	6.37
"B18_1001000378"	3.82	4.33	4.48	3.96	3.83	58.26	1.97	2.72	4.23	1.28	3.35	2.95	3.27	1.54
"B18_B001460"	2.76	3.2	2.96	2.7	2.7	23.94	1.48	1.25	3.28	48.49	2.39	2.48	2.37	0
"B18_B001475"	4.49	19.09	4.75	4.86	4.42	33.83	0.77	5.17	5.44	3.86	3.7	2.31	4.78	2.53
"B18_B001543"	5.29	23.31	5.85	5.85	5.38	22.89	1.26	5.29	6.15	3.8	4.01	3.37	5.33	2.2
"B18_B001548"	5.36	23.66	6.81	5.55	5.15	16.26	2.48	4.22	6.18	4.1	4.62	8.4	4.99	2.23
"B18_B001557"	3.79	25.95	7.73	23.06	3.61	4.05	1.26	5.77	4.63	3.09	3.51	5.32	4.17	4.06
"B18_B001608"	4.01	24.25	5.11	4.35	3.6	24.58	0	4.33	4.86	3.87	2.91	7.9	3.96	6.26
"B18_B002571"	4.5	30.94	5.28	4.04	4.15	27.22	1.17	7.01	4.69	2.02	2.76	2.53	3.69	0
"B18_B002573"	5.59	35.49	7.7	5.34	5.96	6.41	3.26	3.82	6.23	6.19	4.77	4.61	4.63	0
"B18_B003523"	5.25	12.56	7.7	6.3	5.16	9.21	1.56	9.45	7.03	9.67	4.92	3.92	5.92	11.33
"B19_1001000378"	7.5	8.08	8.98	7.78	7.24	10.27	3.44	7.44	8.59	6.72	6.27	5.54	7.5	4.65
"B19_B001475"	5.53	12.96	7.94	6.49	4.97	8.91	1.22	7.72	6.97	5.76	4.77	10.66	6.08	10.03
"B19_B001543"	3.45	32.78	5.5	4.53	3.43	11.24	0.86	5.22	5.33	9.36	3.02	5.34	3.91	6.03
"B19_B001556"	6.69	15.85	7.73	6.93	6.26	8.29	2.01	6.59	7.48	5.51	5.19	9.01	6.79	5.67
"B19_B001557"	3.46	47.4	4.17	5.44	3.34	15.76	2.13	2.67	3.87	1.59	3.39	3.72	2.76	0.29
"B19_B001608"	4.58	9.18	5.74	5.46	4.68	35.5	0.54	4.98	5.79	2.88	4.06	2.93	4.71	8.97
"B19_B002571"	6.45	3.72	6.94	6.44	5.75	15.65	3.66	15.61	7.46	8.27	4.99	6.4	4.79	3.88
"B19_B002572"	2.7	15.54	4	3.07	2.72	46.46	1.01	5	3.61	3.38	2.46	2.5	2.8	4.72
"B19_B002573"	5.76	12.49	7.49	5.8	5.87	27.67	2.17	3.79	6.37	4.45	4.49	8.89	4.76	0
"B19_B003046"	7.09	5.12	8.35	7.37	7	15.41	4.63	6.05	7.95	8.09	5.86	6.72	6.4	3.98
"B19_B003048"	4.08	10.39	5.76	5.04	4.15	27.23	0.78	7	5.36	10.67	3.79	2.89	4.57	8.3
"B19_B003523"	4.28	30.84	5.42	4.68	4.41	16.55	1.76	3.61	4.88	10.4	3.44	4.73	3.99	1.01
"B1_1001000376"	5.23	8.08	6.92	5.53	5.23	29.97	1.6	5.01	6.02	8.7	4.15	4.87	4.77	3.93
"B1_B000280"	2.59	31.46	2.44	1.99	2.43	51.6	0.32	0.22	2.45	0.37	0.97	1.69	1.47	0
"B1_B000429"	4.9	4.04	5.32	5.38	4.37	7.51	2.33	7.45	5.6	34.09	3.72	2.6	5.4	7.27
"B1_B001010"	5.85	8.85	7.49	6.38	5.83	24.47	2.34	6.03	6.87	4.78	4.67	6.38	5.49	4.58
"B1_B002077"	7.07	12.41	10.29	7.36	7.47	9.85	2.82	5.36	8.01	6.83	5.7	9.52	6.39	0.92
"B1_B002078"	4.66	12.1	5.1	4.78	4.54	39.49	1.3	4.71	5.2	6.27	3.38	2.24	4.2	2.03
"B1_B002097"	7.11	4.53	7.99	7.52	7.15	19.84	4.86	5.98	7.98	6.3	6.32	4.85	6.37	3.18
"B1_B003048"	5.26	20.31	7.11	6	5.25	10.13	0.46	6.3	6.08	13.38	3.07	6.31	5.15	5.19
"B1_B003117"	5	6.35	5.93	5.63	5.1	38.78	2.08	4.9	6.05	3.28	4.37	2.89	4.77	4.89
"B1_B003529"	4.55	14.6	5.08	5	6.29	37.48	2.15	3.83	5.12	3.09	4.09	4.03	3.96	0.74
"B1_B003777"	7.89	11.36	8.68	8.3	8.03	8.33	2.37	6.42	9	7.42	6	6.9	7.28	2.03
"B1_B003920"	5.07	11.41	7.13	6.29	5.08	8.7	2.49	9.37	6.67	14.06	5.07	3.31	5.56	9.8
"B1_B003930"	6.64	7.82	8.14	7.1	6.54	13.6	3.19	6.92	7.65	9.63	5.6	6.35	6.32	4.49
"B20_1001000378"	5.48	5	6.91	6.9	5.14	8.09	2.06	6.92	6.31	25.64	4.24	5.62	5.8	5.89
"B20_1001000410"	3.9	12.89	4.62	4.25	4.2	45.32	0.46	4.16	4.78	3.15	2.85	2.34	3.6	3.48
"B20_B000901"	4.55	2.3	6.5	4.88	4.73	41.32	3.19	4.35	5.12	7.28	4.19	5.44	4.34	1.81
"B20_B001543"	6.16	18.64	7.11	6.92	6.48	15.74	1.47	7.04	7.28	5.21	4.66	4.18	6.28	2.82
"B20_B001545"	5.72	12.4	6.71	5.7	5.45	27.49	2.31	6.11	6.6	4.07	4.07	4.46	5.36	3.55
"B20_B001551"	5.35	19.78	7.73	6.01	6.79	8.89	1.05	7.55	7.25	6.77	3.91	5.86	5.43	7.63
"B20_B001557"	3.82	30.03	5.41	7.98	4	23.97	1.68	2.19	4.36	2.83	3.37	6.35	3.49	0.54
"B20_B001608"	5.18	12.8	6.61	6.44	5.13	10.59	0.68	8.02	6.73	14.43	4.08	2.58	5.84	10.91
"B20_B002573"	5.32	5.24	7.29	5.34	5.51	38.74	2.99	3.65	5.97	4.56	4.46	5.97	4.6	0.36
"B20_B003046"	7.18	5.33	7.85	7.65	7.28	15.24	4.13	6.53	8.19	8.67	6.19	4.15	6.43	5.17
"B20_B003048"	4.8	4.15	5.97	4.78	3.78	17.15	0.56	5.76	5.1	23.8	2.78	10.44	5.01	5.92
"B20_B003093"	6.04	10.98	7.95	6.39	6.04	21.05	3.42	5.02	6.85	6.78	5.06	5.8	5.39	3.26
"B20_B003126"	5.06	10.25	6.05	5.38	5.32	11.65	0.61	6.89	5.88	27.56	3.4	3.48	5.17	3.29
"B20_B003132"	6.79	7.11	8.88	7.11	6.92	13.96	2.98	10.31	7.91	5.91	5.62	6.67	5.85	3.99
"B20_B003187"	5.94	12.74	8.3	6.05	6.41	25	1.6	4.53	6.87	4.77	4.28	6.83	5.45	1.22
"B20_B003528"	4.07	36.85	5.88	5.2	4.18	12.7	0	3.96	5.41	2.66	2.34	6.35	4.35	6.05
"B20_B003577"	4.86	4.8	6.16	6.35	5.15	24.09	2.04	5.7	5.85	17.18	3.9	4.58	5.31	4.03
"B20_B003648"	2	11.65	2.49	1.99	1.9	58.78	0.92	2.96	2.27	9.23	1.42	0.77	2.05	1.58
"B20_B003659"	3.43	0.55	3.76	3.59	3.48	65.03	2.56	2.23	3.69	2.67	3.23	2.47	2.96	0.34
"B21_B000279"	3.48	23.39	3.68	3.4	3.51	43.04	1.31	2.71	3.87	3.07	2.54	1.92	2.85	1.22
"B21_B000861"	4.9	4.61	6.02	5.3	4.25	8.31	1.93	7.43	5.58	29.92	3.62	5.86	5.32	6.94
"B21_B000862"	4.23	13.3	6.89	5.35	4.11	21.33	1.77	9.41	5.85	3.38	4	5.38	4.7	10.31
"B21_B000883"	7.8	4.31	8.74	8.15	8.37	14.25	5.35	6.07	8.75	7.26	6.83	4.75	6.85	2.54
"B21_B000887"	3.63	4.31	4.26	4.24	3.67	54.29	1.96	3.7	4.27	2.74	3.8	2.11	3.54	3.48
"B21_B001475"	7.36	8.24	9.08	8.13	8	10.2	3.34	6.13	8.89	7.39	6.18	6.8	7.05	3.2
"B21_B001551"	6.72	7.02	9.71	7.07	6.5	10.45	3.45	6.85	8.38	10.13	6.49	5.98	6.16	5.07
"B21_B001556"	5.54	13.32	8.09	6.77	5.72	8.89	3.58	9.75	7.36	5.13	5.74	3.86	5.84	10.42
"B21_B001557"	6.74	8.07	8.52	9.39	6.46	8.82	3.48	7.46	7.91	7.4	6.38	7.01	6.39	5.96
"B21_B002572"	2.36	21.68	4.63	3.97	2.39	32.14	0	7.78	3.95	2.34	3.04	2.56	3.32	9.83
"B21_B003048"	5.83	9.59	6.93	6.21	5.55	18.96	1.79	6.43	6.82	10.19	4.33	5.55	5.62	6.19
"B21_B003093"	4.58	0.83	4.78	4.24	3.81	52.17	2.4	2.5	5.03	2.24	3.57	7.7	3.88	2.28
"B21_B003125"	0.95	13.67	0.85	35.7	1.13	41.87	0.02	1.07	0.91	2.71	0.36	0	0.76	0
"B21_B003126"	7.95	3.03	9.41	7.62	6.91	8.79	4.55	7.2	8.39	6.78	6.61	10.37	8.05	4.34
"B21_B003132"	6.6	9.08	8.77	7.54	6.7	9.23	3.09	7.65	8.09	6.14	6.31	7.57	6.39	6.85
"B21_B003187"	5.75	5.85	7.6	6.27	5.36	22.82	3.25	6.9	6.82	5.08	5.33	4.73	6.29	7.96
"B21_B003191"	4.75	9.13	6.83	6.82	4.74	8.18	0.51	6.89	6.14	18.03	4.99	7.49	6.13	9.38
"B21_B003648"	3.35	0.37	3.45	3.51	3.35	63.91	2.65	2.46	3.59	4.96	3.14	2	2.97	0.3
"B21_B003659"	2.34	2.45	2.67	2.57	2.32	63.63	1.07	2.65	2.59	10.67	1.97	1.61	2.34	1.12
"B22_1001000378"	6.22	7.48	7.04	6.56	6.13	28.02	2.71	5.65	7.06	4.83	4.99	4.18	5.37	3.77
"B22_1001000410"	4.81	10.34	6.69	5.17	4.29	11	1.03	7.99	6.09	16.86	3.4	8.68	5.36	8.3
"B22_B000278"	6.34	3.92	6.78	6.6	6.16	29.76	3.66	5.37	7.02	4.94	5.67	4.88	5.7	3.19
"B22_B001543"	3.8	36.85	4.67	4.04	3.9	19.05	4.24	4.23	4.58	2.18	4.44	1.03	3.36	3.63
"B22_B001551"	2.83	32.86	4.62	3.01	2.94	24.75	0	8.01	3.54	8.1	1.63	4.49	2.61	0.61
"B22_B001556"	4.13	16.82	6.72	5.5	4.33	17.25	1.5	9.88	6.06	4.49	4.22	2.65	4.89	11.56
"B22_B001557"	4.23	9.19	5.42	6.09	4.23	35.06	0.79	5.2	6.51	5.95	3.46	3.52	4.44	5.91
"B22_B001608"	4.52	11	6.01	5.53	4.53	27.99	1.36	6.76	5.72	7.05	4.03	3.63	4.61	7.26
"B22_B002571"	6.21	9.01	8.19	6.12	6	15.82	1.4	6.65	7.03	11.36	4.42	8.03	6.23	3.51
"B22_B002573"	5.34	4.62	7.25	5.44	5.52	35.69	3.27	3.91	5.8	6.75	4.53	6.57	4.74	0.56
"B22_B003048"	5.3	13.75	7.48	7.03	5.56	9.47	1.15	8.03	7.23	8.53	4.54	5.01	6.32	10.59
"B22_B003528"	5.38	3.49	6.75	6.25	5.45	36.43	3.25	4.68	6.16	3.82	5.04	4.84	4.99	3.47
"B22_B003648"	3.58	2.31	3.75	3.72	3.62	62.58	2.83	2.25	3.83	1.98	3.66	2.5	3.08	0.3
"B22_B003659"	3.72	3.5	4.53	4.3	3.32	37.39	1.68	4.52	4.35	13.81	3.22	3.17	4.02	8.47
"B2_1001000376"	5.32	14.3	5.9	5.84	5.36	32.31	0.32	4.68	6.29	3.64	3.99	3.65	5.48	2.92
"B2_B000280"	5.39	9.67	8.44	6.32	5.36	9.3	2.33	8.61	6.75	11.08	5.05	7.26	5.86	8.57
"B2_B000429"	6.1	12.94	6.73	6.5	6.12	8.18	1.53	7.81	6.98	19.9	4.68	3.75	6.37	2.41
"B2_B000430"	5.59	16.17	7.15	5.88	4.54	10.83	0	6.01	6.35	4.05	3.95	12.78	6.1	10.62
"B2_B001008"	5.37	11.8	8.21	6.08	5.46	13.62	1.86	8.16	7.19	10	4.57	5.01	5.51	7.17
"B2_B003048"	6.63	6.81	7.47	7.38	6.23	11.12	2.55	7.56	7.57	11.84	5.28	6.47	6.13	6.95
"B2_B003529"	7.31	6.09	8.96	7.83	7.93	10.58	3.55	11.07	8.27	6.49	6.75	7.05	5.82	2.29
"B2_B003776"	6.86	12.05	8.47	7.09	7.01	11.58	2.78	7.04	8.68	7.24	5.31	5.39	5.96	4.54
"B2_B003920"	4.77	9.31	5.1	4.6	4.75	45.53	2.8	3.09	5.01	2.48	3.87	4.1	4.01	0.58
"B3_1001000376"	3.78	14.37	4.73	3.76	3.61	44.36	0	3.69	4.48	4.9	2.24	4.79	3.54	1.73
"B3_B000422"	3.63	26.65	7.09	5.78	3.63	8.47	1.19	15.88	5.21	2.26	3.37	3.8	3.01	10.04
"B3_B001008"	5.36	10.78	7.41	7.93	5.4	12.17	2.47	6.89	7.28	4.69	5.8	8.18	7.21	8.44
"B3_B001607"	7.45	6.05	8.39	8.06	7.46	9.89	4.35	6.74	8.53	10.46	6.41	4.93	6.93	4.35
"B3_B001617"	5.93	12.02	7.25	7.62	5.78	9.57	0.79	6.86	7.46	11.05	4.77	4.59	6	10.31
"B3_B002079"	6.45	14.2	8.01	7.44	6.87	8.11	3.26	7.2	7.95	5.92	5.74	4.97	6.26	7.61
"B3_B002097"	5.35	17.53	8.22	7.64	5.65	10.18	0.75	5.95	6.9	5.08	5.33	10.3	6.82	4.3
"B3_B003048"	4.23	42.31	4.84	4.65	3.82	8.55	0.97	3.39	4.7	5.58	3.28	6.89	3.89	2.91
"B3_B003920"	6.13	14.07	8.06	6.93	6.24	10.02	1.59	13.56	7.22	5.41	4.87	7.49	5.14	3.26
"B4_1001000376"	4.1	13.83	4.68	4.31	4.1	44.27	0	4.12	4.73	3.41	2.71	3.58	4.31	1.83
"B4_B000422"	1.3	8.16	2.61	2.41	1.07	68.33	0	1.83	1.84	0	1.54	4.82	1.81	4.27
"B4_B001607"	4.42	17.96	6.7	5.17	4.34	11.32	0	6.95	5.62	13.28	3.12	8.11	5.02	7.99
"B4_B001608"	3.12	10.02	4.79	4.38	2.54	13.19	0	6.91	4.27	27.17	2.06	6.89	4.82	9.83
"B4_B001617"	6.86	7.54	7.98	7.52	6.73	12.06	2.91	6.63	8.07	9.46	5.63	5.75	6.47	6.38
"B4_B002078"	7.2	5.59	8.9	7.72	7.18	8.58	4.77	7.33	8.25	9.66	7.84	5.6	6.65	4.73
"B4_B002079"	5.35	17.55	8.03	6.44	5.24	9.63	2.09	8.03	6.93	4.51	4.53	6.36	5.66	9.65
"B4_B002097"	4.37	7.54	5.7	5.55	4.39	33.09	5.25	4.68	5.19	4.74	4.53	6.77	4.66	3.53
"B4_B003117"	5.04	11.84	7.38	5.24	4.57	22.18	0.98	10.16	6.45	3.1	4.12	1.64	7.84	9.45
"B4_B003775"	5.23	17.96	5.8	5.46	5.23	30.62	0.68	5.28	5.98	4.27	3.69	3.11	4.74	1.95
"B4_B003894"	1.75	39.14	3.44	3.32	4.33	6.93	0	2.63	2.73	20.26	2.19	7.04	2.65	3.59
"B4_B003920"	5.93	6.09	5.7	5.27	4.93	38.57	2.86	4.68	5.68	4.32	4.24	4.01	4.59	3.14
"B5_B001608"	4.32	15.55	6.55	6.29	4.44	10.63	0	7.58	6.3	11.62	4.01	3.54	5.76	13.42
"B5_B002074"	3.18	15.49	4.18	3.81	3.26	48.82	0.17	3.05	3.92	3.79	2.52	2.67	3.32	1.83
"B5_B003048"	7.01	9.02	8.68	8.23	7.56	8.96	2.91	7.05	8.34	7.44	5.98	5.68	7.04	6.11
"B5_B003117"	4.67	7.87	6.1	5.34	4.99	38.79	1.57	4.89	5.77	2.99	4.11	3.18	4.69	5.04
"B5_B003775"	6.16	14.91	8.24	6.96	6.24	11.06	2.27	7.6	7.41	6.94	5.39	5.12	6.44	5.28
"B5_B003776"	5.58	14.29	7.43	6.87	5.45	8.87	1.36	8.48	7.68	6.36	5.02	4.96	6.15	11.5
"B6_1001000410"	3.51	40.28	5.07	4.61	3.83	7.95	0.48	6.88	4.89	5.49	4.05	1.33	3.97	7.65
"B6_B000420"	6.89	13.2	7.58	7.27	7.06	15.79	3.57	5.88	7.89	6.07	5.44	4	6.09	3.29
"B6_B000422"	4.34	15.77	6.94	5.91	4.32	8.69	1.52	9.66	6.04	9.25	5.1	5.71	5.52	11.23
"B6_B001607"	4.99	16.16	6.33	6.11	4.94	12.36	0	7.59	6.77	10.21	3.24	3.81	5.85	11.64
"B6_B001608"	5.03	13.28	6.01	6.1	5.02	15.34	0.66	7.22	6.39	13.21	4.1	5.43	5.2	6.98
"B6_B002074"	4.98	10.93	6.38	5.27	4.84	32.08	1.76	4.69	5.92	3.95	3.91	4.56	6.29	4.43
"B6_B002078"	6.2	7.97	7.82	7.31	8.98	11.25	2.86	6.77	7.56	5.51	5.65	7.48	6.39	8.25
"B6_B002097"	6.01	7.7	7.37	6.28	5.15	14.44	2.27	6.82	6.95	8.19	6.35	8.84	5.74	7.89
"B6_B003048"	5.55	19	6.52	6.03	5.66	8.92	1.06	6.2	6.58	17.11	3.67	3.41	5.55	4.76
"B6_B003894"	6.29	13.61	7.86	7.82	6.51	9.24	1.92	7.32	8.04	5.76	5.45	4.94	7.05	8.2
"B6_B003920"	6.09	17.01	8.74	6.77	6.23	10.15	0.56	6.89	7.98	5.29	4.68	7.11	6.46	6.05
"B7_B001008"	3.89	20.83	5.81	4.99	3.85	19.67	0	6.14	5.44	5.91	2.76	4.33	9.8	6.59
"B7_B001608"	3.98	7.84	5.7	4.94	3.67	23.77	0.35	6.53	5.3	3.1	6.81	14.02	4.09	9.9
"B7_B002097"	2.27	11.96	2.53	2.03	2.3	69.82	1.41	0.82	2.39	0	1.82	1.09	1.55	0
"B7_B003771"	4.65	42	4.96	3.9	3.99	16.67	0.5	3.46	4.79	2.24	3.11	5.4	4.31	0
"B7_B003775"	6.87	10.03	7.87	7.01	6.76	12.29	3.63	6.96	8.07	11.51	5.32	4.94	6.2	2.54
"B7_B003777"	6.4	12.49	7.86	6.86	6.19	12.74	1.91	8.99	7.78	5.42	5.37	5.03	6.19	6.76
"B7_B003920"	5.7	9.3	7.94	6.85	4.71	9.28	1.31	6.44	6.65	4.41	5.1	15.69	6.45	10.16
"B8_B000420"	4.6	12.74	5.52	5.19	4.91	37.15	0.69	5.48	5.88	2.95	3.59	1.88	4.57	4.86
"B8_B001008"	5.3	4.34	6.8	5.42	5.48	37.68	2.38	4.75	6.01	6.38	4.32	4.23	4.65	2.25
"B8_B001557"	6.04	26.08	6.43	6.46	6.25	6.65	2.89	4.82	6.71	8.22	5.13	6.27	5.58	2.48
"B8_B001607"	6.48	7.39	7.5	7	6.23	9.79	2.46	6.78	7.71	14.85	5.05	4.89	6.22	7.64
"B8_B001608"	4.97	11.54	6.11	5.74	5.11	29.89	1.02	6	6.15	6.21	3.85	3.23	5.14	5.05
"B8_B002073"	5.16	7.75	6.03	5.6	5.18	36.9	1.5	4.63	6.15	3.57	4.12	3.53	4.7	5.2
"B8_B002074"	4.26	9.05	4.87	4.5	4.29	46.64	2.12	3.71	4.94	3	3.54	2.59	3.69	2.8
"B8_B002078"	4.66	11.85	6.04	6.34	3.97	23.77	0.12	4.94	5.67	3.85	4.95	10.59	5.73	7.52
"B8_B003048"	2.72	37.58	3.45	2.73	2.9	35.73	0	2.89	3.53	0.27	1.41	1.9	2.26	2.62
"B8_B003771"	5.4	16.26	7.61	6.66	5.32	8.61	2.36	9.72	7.27	4.6	5.01	4.36	5.99	10.83
"B8_B003777"	7.24	7.09	9.2	7.62	7.27	12.19	4.3	7.45	8.48	6.62	6.31	5.31	6.93	4
"B9_1001000340"	6.02	5.73	6.8	6.75	5.14	22.6	1.64	5.11	6.88	4.51	4.76	10.43	5.8	7.82
"B9_1001000410"	7.29	6.65	8	7.59	6.49	8.99	2.91	6.21	7.95	9.95	5.61	9.29	6.69	6.38
"B9_B001008"	6.83	8.81	8.26	7.3	7.23	13.21	2.83	7.53	8.08	8.31	5.51	5.06	6.39	4.65
"B9_B001016"	5.53	6.48	6.34	6	5.73	33.2	2.26	5.05	6.58	6.25	4.66	2.93	4.95	4.05
"B9_B001608"	6.87	6.05	8.18	8.08	6.79	9.84	3.15	7.26	7.87	13.18	5.51	4.88	6.74	5.61
"B9_B001621"	6.08	7.31	8.37	8.27	5.21	7.82	1.36	5.76	7.29	5.9	5.97	13.06	7.6	10
"B9_B002074"	4.33	12.61	5.16	4.6	4.74	43.09	1.31	4.41	5.17	2.34	3.35	2.2	3.81	2.89
"B9_B002077"	7.56	9.16	8.99	7.85	7.77	9.42	2.97	5.97	8.54	10.11	5.95	7.35	6.58	1.78
"C10_B001607"	4.25	17.35	6.91	5.88	4.53	9.66	0	9.48	6.46	11.09	3.94	2.72	5.3	12.44
"C10_B001608"	5.89	11.45	8.32	6.93	5.87	10.39	2.09	8.14	7.88	8.43	4.85	5.4	6.03	8.34
"C10_B002077"	6.93	12.84	9.7	7.35	7.82	9.24	2.49	6.09	8.23	8.78	5.76	6.16	6.44	2.16
"C10_B003117"	2.77	6.99	3.53	3.44	2.82	36.77	3.3	6.14	3.77	16.87	2.2	0.76	3.58	7.05
"C10_B003777"	6.29	7.26	7.26	6.62	6.24	25.65	3.62	6	7.22	5.09	5.41	3.98	5.78	3.58
"C10_B003894"	4.78	13.74	5.53	5.83	4.64	33.46	1.36	3.61	5.52	3.59	4.41	6.89	4.78	1.85
"C10_B003920"	7.16	5.37	8.68	7.39	6.81	13.36	4.11	6.33	8.03	6.32	6.1	8.69	6.62	5.03
"C11_B001607"	6.27	6.49	7.3	6.9	6.22	13.46	2.62	6.9	7.29	16.39	4.84	4.12	6	5.19
"C11_B001608"	3.45	20.32	3.62	3.28	3.52	48.32	2.23	2.24	3.71	1.99	2.86	1.68	2.74	0.04
"C11_B003048"	6.06	6.6	7.65	6.47	5.39	21.83	2	5.94	6.8	4.6	4.87	10.19	5.55	6.03
"C12_1001000378"	8.34	3.94	8.87	8.8	8.27	8.99	5.69	6.62	9.26	7.97	7.36	5.05	7.37	3.47
"C12_B001470"	3.94	10.34	5.65	4.37	2.95	13.53	0.51	34.13	5.37	5.34	2.86	3.36	3.2	4.45
"C12_B001551"	4.96	21.91	8.22	10.99	5.11	12.33	2.08	6.06	6	6.77	3.84	3.31	4.5	3.9
"C12_B001556"	3.15	62.7	3.43	2.31	3.22	14.14	1.35	1.26	3.17	1.59	1.75	0.12	1.8	0
"C12_B001607"	6.23	11.42	7.73	6.78	6.42	19.19	2.39	6.65	7.61	5.44	5.01	4.37	5.71	5.04
"C12_B001608"	5.37	19.27	6.89	7.69	5.44	9.02	0.62	6.88	6.97	8.3	3.28	6.39	5.54	8.33
"C12_B003046"	7.9	4.69	8.82	8.39	7.87	8.61	5.2	6.58	8.84	9.83	7.02	5.63	7.09	3.53
"C12_B003048"	4.37	18.29	4.61	4.42	4.48	40.88	0.16	3.22	4.99	4.63	2.68	2.27	3.61	1.38
"C12_B003093"	4.73	8.77	6.24	7.57	4.2	11.46	0.49	8.62	6.06	12.3	5.01	9.99	6.23	8.33
"C12_B003117"	5.64	13.21	8.56	6.36	5.46	9.57	1.44	8.82	7.3	4.55	4.41	4.08	7.59	13
"C13_B000862"	4.96	10.08	6.63	5.46	5.18	34.54	0.9	5.1	5.97	3.44	3.81	4.28	4.78	4.88
"C13_B001470"	3.73	33.08	5.9	3.25	3.73	25.42	0	3.02	4.65	1.86	1.64	6.81	6.91	0
"C13_B002571"	4.39	17.88	4.87	4.52	4.71	41.22	0.63	3.45	4.94	2.46	2.78	2.98	4.16	0.99
"C13_B002572"	4.48	7.2	5.61	4.7	4.01	41.53	1.75	4.55	5.13	2.39	3.45	6.56	4.05	4.59
"C13_B003048"	5.03	10.58	6.63	5.99	5.91	10.9	1.73	7.32	6.46	15.05	3.82	5.75	5.7	9.13
"C14_B001470"	0.7	5.79	0.55	0.34	0.43	88.69	0.01	0	0.57	0	0.18	1.94	0.79	0
"C14_B001475"	5.56	11.71	6.2	6.02	6.29	22.24	0.91	5.76	6.52	9.9	4.69	5.43	5.98	2.77
"C14_B001543"	5.86	12.92	7.27	6.71	5.83	17.85	2.04	7.83	7.24	4.93	4.98	3.94	5.88	6.71
"C14_B002571"	7.63	5.18	8.75	8.11	7.76	12.24	4.82	6.32	8.63	7.14	6.73	5.57	6.83	4.29
"C14_B002572"	5.52	5.37	7.68	6.11	5.37	29.01	1.98	5.11	6.4	7.14	4.28	7.3	5.13	3.6
"C14_B002573"	3.73	14.43	6.22	4.53	4.09	30.2	1.68	7.12	5.14	4.72	3.53	3.07	3.95	7.6
"C14_B003046"	5.46	12.19	6.83	6.48	5.28	15.61	1.64	7.01	6.86	6.73	4.33	4.21	5.87	11.49
"C14_B003048"	3.85	17.88	5.62	5.27	3.62	14.04	0	5.56	5.06	15.56	3.17	7.08	4.88	8.41
"C14_B003523"	7.5	6.54	8.98	7.83	7.76	9.82	3.53	6.41	8.57	7.73	6	7.28	7.04	5.02
"C14_B003577"	3.37	23.66	4.26	3.58	3.22	32.88	1.83	3.56	3.99	6.65	2.88	3.01	3.08	4.02
"C15_B001470"	6.42	8.18	8.59	7.08	6.61	8.78	1.8	6.48	7.73	7.76	4.99	10.67	8.82	6.1
"C15_B001543"	4.87	8.59	4.79	4.74	3.36	4.87	3.4	51.07	5.17	1.67	3.69	3.74	0	0.06
