"17-10-20"	"8-7-2-23-22-11-27-18-13-3-5"	"26"	"25"	"24"	"21"	"19"	"16"	"15"	"14"	"12"	"9"	"4"	"6"
"1"	58.25	7.53	0	0	15.35	0	2.62	0	0	7.79	0	2.04	0	6.43
"2"	39.28	5.81	5.68	5.44	4.6	5	4.54	3.86	5.51	5.03	6.22	2.89	4.42	1.72
"3"	71	17.25	0	0	7.97	0	0	0	0	0	0	0.56	0	3.23
"4"	33.88	2.26	6.41	6.35	6.03	6.18	4.86	4.71	6.64	5.79	5.53	3.77	5.32	2.28
"5"	41.55	3.74	5.68	5.82	4.85	5.33	3.94	4.01	5.84	5.56	4.91	3.22	4.61	0.94
"6"	11.02	6.63	7.72	7.57	6.83	9.07	4.01	9.32	8.14	6.33	6.64	4	7.42	5.3
"7"	78.99	11.97	0	0	0	0	0	0	0	0	0.89	0	0	8.15
"8"	5.45	9.29	5.86	6.19	6.61	7.69	2.59	9.89	6.81	4.2	4.83	3.53	12.79	14.25
"9"	65.15	27.24	0	0	0.53	0	0	0	0	0	2.97	4.11	0	0
"10"	21.9	35.42	4.65	4.51	4.36	3.49	3.9	2.07	4.68	6.72	3.73	1.39	3.18	0
"11"	89.07	6.99	0	0	0	0	0	0	0	0	0	0.82	0	3.13
"12"	89.2	0	1.07	1.09	2.13	2.16	0.22	0.76	1.21	0.75	0.47	0.08	0.85	0
"13"	40.95	48.95	0	0	7.59	0	0	0	0	0	0	0	0	2.51
"14"	41.22	18.03	2.48	3.75	2.21	1.47	0.96	1.39	2.28	1.71	13.82	5.02	2.6	3.06
"15"	26.25	11.3	6.37	6.97	5.67	5.71	4.21	5.55	6.44	5.41	5.51	4.28	5.17	1.16
"16"	49.92	5.75	2.72	2.9	2.57	2.09	11.32	1.22	2.82	1.83	1.59	0.23	1.85	13.2
"17"	54.86	0	4.73	4.69	4.19	4.6	2.82	3.49	4.95	4.25	3.95	2.75	3.93	0.79
"18"	44.47	6.72	4.49	4.28	4.12	6.51	2.25	2.86	4.6	3.89	3.4	2.08	3.4	6.94
"19"	57.22	0	4.25	4.14	3.93	4.17	3.24	3.51	4.37	4.19	3.46	2.3	3.45	1.77
"20"	59.5	1.58	4	4.09	3.03	3.64	2.32	2.8	4.05	3.84	4.73	2.66	3.32	0.44
"21"	71.33	27.05	0	0	0	0	0	0	0	0	0	0	0	1.61
"22"	3.72	27.31	9.72	24.46	4.21	2.11	3.1	1.38	3.01	2.39	3.07	10.41	2.4	2.72
"23"	34.48	2.14	5.97	5.72	5.17	11.27	4.13	4.44	6.03	5.35	4.86	3.33	4.85	2.27
"24"	11.3	58.45	3.07	2.78	3.52	2.33	5.08	0.84	3.8	3.04	3.65	0.16	1.98	0
"25"	83.28	0	0.96	0.65	1.35	0.56	0.46	0.36	0.92	0.9	1.65	0.61	0.56	7.73
"26"	35.16	0.97	6.38	6.33	6.02	6.16	4.86	4.81	6.6	5.71	5.43	3.95	5.32	2.29
"27"	7.37	32.38	1.39	1.54	29.01	0.92	2.01	2.36	1.97	1.42	2.23	11.57	0.97	4.84
"28"	13.88	15.57	7.08	6.87	6.83	6.81	5.77	4.76	7.36	7.52	6.38	4.1	5.71	1.36
"29"	29.74	1.46	7.02	6.88	6.27	6.78	4.82	5.15	7.19	6.29	5.95	4.36	5.81	2.25
"30"	60.86	39.14	0	0	0	0	0	0	0	0	0	0	0	0
"31"	81.26	1.98	0.98	0.71	0.47	6.08	0	0.4	1.02	0.64	0.99	0.53	0.48	4.45
"32"	47.25	13.36	4.33	4.84	3.58	3.65	3.48	2.54	4.27	3.83	3.67	1.97	3.24	0
"33"	85.73	2.96	0	0.6	0	0	0	0	0	8.1	0.35	0	0	2.26
"34"	8.19	12.4	6.49	6.16	5.44	5.02	4.7	3.38	6.01	16.99	17.08	3.19	4.52	0.43
"35"	67.14	0	3.61	3.63	2.89	3.51	1.8	2.69	3.82	3.28	2.82	1.82	3.01	0
"36"	20.2	5.06	7.2	6.9	6.35	7.73	5.18	6.24	7.35	6.86	5.85	3.94	5.96	5.19
"37"	75.78	0	2.31	3.03	0.7	2.45	0	1.28	1.74	1.75	3.8	2.78	1.73	2.66
"38"	44	1.92	5.35	6.71	4.86	4.81	3.44	3.6	5.37	7.37	4.32	2.83	4.21	1.19
"39"	48.61	0.39	5.16	5.17	4.76	5	3.77	3.84	5.39	4.81	4.43	3.02	4.3	1.35
"40"	34.15	1.54	4.24	4.05	8.62	4.26	0.99	3.03	4.48	7.8	2.96	0.85	3.45	19.58
"41"	24.94	3.28	7.4	7.23	6.63	7.03	4.71	5.38	7.59	6.54	6.08	4.54	6.18	2.46
"42"	11.71	33.61	4.36	4.26	6.85	10.22	2.9	2.64	5.29	3.75	4.82	4.36	3.76	1.47
"43"	21.02	9.52	4.69	4.58	4.25	29.15	1.83	3.96	5	4.02	3.44	2.54	4.17	1.83
"44"	12.91	84.81	0	0	0	0	0.5	0	0	1.79	0	0	0	0
"45"	61.91	0.04	3.2	3.62	2.94	2.87	1.37	2.2	3.34	3.05	4.36	3.27	2.76	5.07
"46"	4.92	65.19	0.62	0.97	4.46	0	1.43	0	0.66	18.25	2.86	0.64	0	0
"47"	44.95	11.3	3.99	3.93	3.6	3.7	5.59	2.75	4.24	4.55	3.57	1.92	3.2	2.7
"48"	60.03	0	4.16	4.18	3.55	4.13	2.2	3.45	4.39	3.78	3.33	2.29	3.96	0.53
"49"	39.88	13.05	4.21	3.29	2.21	3.99	0	2.87	3.76	4.51	1.94	8.82	4.44	7.03
"50"	34.37	0.95	6.36	6.11	5.58	6.23	4.59	4.61	6.46	5.65	5.32	4.13	5.19	4.46
"51"	36.71	1.69	6.26	6.12	5.95	6.04	4.46	4.67	6.44	5.55	5.28	3.7	5.15	1.99
"52"	51.1	0	5.13	5.08	4.24	4.98	3.37	3.76	5.32	4.61	4.3	2.87	4.24	0.98
"53"	90.68	7.89	0	0	0	0	0	0	0	0	0	0	0	1.43
"54"	84.59	0	0	0	0.83	0	0	0	0	0	0	0	0	14.59
"55"	26.76	31.13	4.64	4.09	4.17	4.58	3.84	3.03	4.62	3.57	3.85	2.03	3.41	0.29
"56"	89.79	0	1.06	0.86	1.1	2.06	0	0.48	1	0.71	1.45	0	0.63	0.87
"57"	88.22	0	1.38	0.99	1.07	0.95	0	0.93	1.13	1.71	0.9	0.67	0.82	1.24
"58"	12.82	2.82	7.98	8.56	7.68	7.69	5.67	5.87	12.44	7.16	6.88	5.02	6.67	2.74
"59"	33.81	57.24	0.08	0	4.19	0	1.08	0.3	0.38	2.1	0.83	0	0	0
"60"	19.49	65.76	2.84	8.68	0.5	0	1.44	0	0.6	0	0.67	0	0	0
"61"	38.29	13.66	4.49	4.2	4.57	3.24	1.21	2.79	4.14	6.49	4.26	3.77	3.3	5.58
"62"	24.33	27.49	4.07	0.14	2.28	3.41	0	2.19	0.89	0	0.01	6.34	1.05	27.81
"63"	29.41	3.7	6.84	6.42	5.82	6.6	4.46	5.43	6.94	5.97	5.51	4.06	5.48	3.35
"64"	82.38	17.62	0	0	0	0	0	0	0	0	0	0	0	0
"65"	72.68	3.86	0.77	0.21	0.97	5.18	0	0.74	0.79	3.53	0.84	0.5	0.14	9.78
"66"	38.51	1.8	6.14	6.08	5.42	5.86	4.35	4.49	6.34	5.51	5.21	3.59	5.07	1.61
"67"	86.52	0	0	0	13.48	0	0	0	0	0	0	0	0	0
"68"	24.85	44.38	2.56	11.89	0.43	0	0	0	0	0	5.52	7.09	0.17	3.1
"69"	29	1.75	7.06	6.94	6.37	7.07	4.89	5.17	7.24	6.45	6	4.24	5.83	2.01
"70"	79.99	13.68	0	0	0	0	0	0	0	0	0	0	0	6.33
"71"	17.06	3.1	7.99	7.87	7.69	7.74	5.85	5.85	8.19	7.29	6.82	5.12	6.63	2.81
"72"	9.71	4.18	8.65	8.51	7.97	8.48	5.93	6.33	8.87	7.66	7.28	5.8	7.27	3.38
"73"	62.35	0	3.91	3.91	4.22	3.82	2.41	2.85	4.11	3.55	3.15	2.08	3.24	0.39
"74"	92.59	0	2.36	0.66	0.05	0.58	0.29	0.38	0.73	1.5	0.29	0.1	0.46	0
"75"	34.11	13.59	3.92	3.58	4.17	12.2	0	5.14	6.47	2.32	2.55	3.98	3.78	4.19
"76"	62.1	0	3.92	3.93	3.56	3.82	2.76	2.85	4.11	3.48	3.12	2.18	3.26	0.91
"77"	15.37	3.01	8.26	8.17	7.63	7.97	5.6	6.05	8.56	7.43	6.98	5.24	6.9	2.83
"78"	51.04	4.99	4.62	4.88	3.77	3.91	2.89	2.89	4.49	6.26	3.75	2.59	3.54	0.39
"79"	90.09	6.95	0	0	0	1.07	0	0	0	0	0.44	1.44	0	0
"80"	67	3.17	3.7	3.96	2.43	2.47	1.1	1.83	2.92	2.75	2.9	1.81	2.21	1.75
"81"	31.16	9.56	3.1	2.75	2.12	31.52	0	3.81	2.88	0.86	2.18	1.94	2.87	5.24
"82"	59.79	13.5	4.07	1.27	4.24	1.64	0	6.09	2.07	0.66	1.03	0	2.8	2.83
"83"	6.79	3.92	7.53	6.73	6.62	18.48	3.07	5.59	7.38	6.75	5.46	9.44	6.01	6.22
"84"	27.38	9.88	5.75	5.41	5.99	10.77	3.09	4.23	5.75	4.42	5.02	3.08	4.57	4.65
"85"	77.68	16.36	0	0	0	0	0	0	0	0	0	0	0	5.96
"86"	51.75	1.74	4.68	4.67	4.85	4.68	3.4	3.39	4.91	4.44	4.01	2.77	3.87	0.85
"87"	49.61	16.4	1.64	6.77	0	0	0	0	0	0	9.41	6.7	1.07	8.4
"88"	60.21	0	4.26	4.26	3.67	4.14	2.36	3.14	4.47	3.93	3.42	2.36	3.54	0.26
"89"	73.57	11.51	0	0	2.2	0	0	0	0	0.34	0	0	0	12.38
"90"	40.37	0.64	6.05	5.99	5.37	5.85	4.24	4.42	6.26	5.61	5.16	3.51	5.01	1.53
"91"	68.18	3.34	2.2	2.01	2.29	1.93	0.39	2	2.36	1.53	4.14	0.84	1.59	7.21
"92"	81.39	0	1.21	0.7	1.33	1.3	0	1.15	1.02	1.46	1.83	0	0.6	8
"93"	51.5	0	5.08	5.02	4.57	4.88	3.28	3.71	5.27	4.57	4.22	2.86	4.19	0.85
"94"	85	12.7	0	0	0	0	0	0	0	0	0	0	0	2.3
"95"	84.75	14.97	0	0	0	0	0	0	0	0	0	0	0	0.28
"96"	86.56	0	0.28	0.32	1.65	0.06	0	0.12	0.46	7.26	1.97	0	0.06	1.25
"97"	41.09	0.61	5.98	5.83	5.22	6.2	4.14	4.57	6.12	5.3	5	3.44	4.89	1.61
"98"	35.21	2.8	6.39	6.23	5.69	6.07	4.43	4.67	6.53	5.87	5.45	3.71	5.23	1.73
"99"	8.85	13.87	0.03	0.22	17.13	31.97	0.05	4.42	0	0	0	13.61	0.45	9.4
"100"	17.02	2.19	8.07	7.99	7.42	7.78	6.29	5.87	8.3	7.24	7	4.93	6.7	3.2
"101"	17.02	2.13	8.14	7.98	7.42	7.78	6.3	5.88	8.3	7.23	6.95	4.94	6.71	3.22
"102"	92.2	0	2.63	0	3.85	0	0	0	0	0	0	1.33	0	0
"103"	11.57	1.77	85.5	0	0.2	0	0	0	0	0.96	0	0	0	0
"104"	8.22	24.85	27.11	0	13.83	0	1.72	0	0	1.38	1.28	10.15	0	11.45
"105"	54.08	0	39.55	0	4.37	0	0	0	0	0	0	2	0	0
"106"	50.79	0	49.03	0	0	0	0	0	0	0	0	0	0	0.18
"107"	42.32	0	6.63	5.67	5.27	5.56	4.26	4.24	5.95	5.18	5	3.38	4.77	1.77
"108"	18.9	0.99	37.87	9.23	3.7	3.83	3.16	3.1	4.26	3.57	4.03	1.71	3.46	2.19
"109"	47.91	4.99	31.83	0.49	1.13	0.84	0	1.11	1.04	0.68	2.15	1.89	0.61	5.31
"110"	27.95	67.75	4.3	0	0	0	0	0	0	0	0	0	0	0
"111"	36.03	0.41	12.37	5.43	4.99	5.45	3.86	4.25	5.86	5.08	5.14	4.01	4.68	2.45
"112"	40.72	1.75	6.24	5.35	4.69	5.28	3.75	4.33	5.69	4.81	4.61	4.08	4.52	4.19
"113"	83.11	0	3.5	0.58	0.47	0.57	0	0.41	0.86	0.95	2.11	2.84	0.44	4.16
"114"	90.25	0	5	0	0	0	0	0	0	0	1.78	0	0	2.97
"115"	43.23	0	40.23	0	5.72	0	0	0	0	0	4.27	2.54	0	4
"116"	68.77	0	27.59	0	0	0	0	0	0	0	1.78	1.31	0	0.54
"117"	43.86	0	18.35	5.21	3.93	4.11	2.65	3.11	4.57	4.22	3.52	2.22	3.53	0.71
"118"	39.06	0	55.3	5.64	0	0	0	0	0	0	0	0	0	0
"119"	7.43	5.94	76.67	0.6	4.05	0.25	1.62	0	0.66	1.2	0.48	0	0.23	0.87
"120"	8.32	21.81	3.15	2.75	13.24	2.04	1.99	1.14	2.83	15.86	3.01	11.6	2.18	10.09
"121"	77.23	0	2.35	2	1.97	1.94	0.12	1.42	2.2	1.61	2.53	1.34	1.61	3.68
"122"	4.96	0	41.01	3.81	3.94	3.96	2.57	3.96	4.47	4.49	13.93	4.87	3.64	4.4
"123"	14.31	3.38	55.22	5.86	3.19	2.45	1.09	1.85	3.08	2.44	2.2	2.06	2.2	0.66
"124"	19.08	1.41	22.16	6.47	5.48	5.85	4.44	4.91	6.17	6.1	5.98	3.31	5.4	3.24
"125"	75.27	0	7.05	0.87	1.27	0.53	0	0.26	0.98	1.4	0.8	0	0.39	11.19
"126"	84	0	6.42	0	0	0	0	0	0	0	0	0	0	9.58
"127"	29.88	3.63	66.49	0	0	0	0	0	0	0	0	0	0	0
"128"	61.28	0	26.46	1.06	0.94	1.08	0	0.71	1.54	1.68	3.32	1.04	0.89	0
"129"	25.92	3.92	9.03	3.5	2.98	3.76	4.03	3	3.96	4.9	13.37	18.62	2.97	0.03
"130"	16.68	66.12	3.54	0.42	0.81	0	2.96	0	1.33	6.66	1.43	0	0.05	0
"131"	34	4.77	42.78	0.32	2.21	0.43	0	1.28	1.05	0.56	3.18	3.58	1.14	4.71
"132"	46.6	3.82	12.24	3.77	4.17	3.9	2.53	3.27	4.21	3.49	4.18	2.92	3.35	1.55
"133"	42.91	0	53.91	1.89	1.3	0	0	0	0	0	0	0	0	0
"134"	50.59	1.02	48.39	0	0	0	0	0	0	0	0	0	0	0
"135"	8.79	3.65	10.28	7.72	8.95	7.61	5.73	5.6	8.15	6.96	7.22	6.18	8.66	4.49
"136"	35.85	0	59.36	1.63	0.65	0	0	0	0	0	0	0	0	2.49
"137"	67.01	0	3.64	3.53	2.8	3.35	1.7	2.54	3.72	4.31	2.73	1.77	2.9	0
"138"	7.86	2.32	41.95	4	6.7	3.71	1.63	3.16	3.88	6.4	3.85	2.82	2.77	8.94
"139"	61.1	5.99	17.82	0.6	1.62	0.77	0.02	0.37	1.26	0.8	2.81	1.27	0.48	5.09
"140"	2.93	6.24	60.12	2.76	4.37	1.02	0.87	2.58	0.8	3.37	4.21	2.01	2.34	6.37
"141"	34.72	0.85	19.92	4.61	6.22	4.66	3.49	3.46	5.05	4.46	4.18	3.17	3.98	1.24
"142"	86.34	0	11.9	0	0	0	0	0	0	0	0.08	0	0	1.69
"143"	51.99	0	6.88	4.57	4.23	4.5	3.27	3.45	4.88	4.17	4.14	2.5	3.83	1.57
"144"	33.61	7.85	6.13	5.69	5.38	5.46	4.2	4.15	5.99	6.11	5	3.69	4.72	2.01
"145"	39.24	0	58.3	0	0	0	0	0	0	0	2.46	0	0	0
"146"	40.03	1.14	8.06	5.62	5.3	5.49	3.85	4.25	5.96	5.48	5.01	3.49	4.79	1.54
"147"	27.15	5.91	61.22	1.1	0.6	0	0	0	0.16	2.35	0	0	0	1.52
"148"	7.95	0.36	78.42	0.96	1.69	1.39	1.01	1.02	1.7	1.56	1.54	1.17	1.16	0.06
"149"	51.86	4.94	16.14	1.59	4.88	1.75	1.33	1.77	2.18	2.02	4.37	3.84	1.67	1.66
"150"	38.17	1.25	6.5	6.07	5.57	5.84	4.54	4.44	6.27	5.42	5.2	3.7	5.01	2.02
"151"	98.6	0	1.4	0	0	0	0	0	0	0	0	0	0	0
"152"	9.22	8.76	9.8	4.27	4.36	4.64	2.55	5.45	4.54	2.99	17.18	13.67	3.9	8.65
"153"	81.39	0	2.85	1.8	1.38	1.73	2.04	1.21	1.95	1.91	0.94	0.3	1.44	1.06
"154"	70.94	0	21.9	0	0	0	0	0	0	0	0	0	0	7.15
"155"	49.34	0	10.76	4.74	3.98	4.49	2.96	3.42	4.89	4.22	3.87	2.58	3.9	0.86
"156"	70.86	6.51	22.64	0	0	0	0	0	0	0	0	0	0	0
"157"	51.49	14.15	0	0	0	0	0	0	0	0	2.05	0	0	32.31
"158"	12.63	0.71	51.87	1.87	2.23	2.65	1.46	2.41	2.94	3.4	3.64	5.25	2.84	6.09
"159"	41.04	1.03	8.89	5.53	4.88	5.36	4.1	4.07	5.8	5.03	4.79	3.21	4.61	1.66
"160"	85.09	0	12.18	0	0	0	0	0	0	0	0.02	1.26	0	1.45
"161"	53.37	9.12	2.3	0	3.75	3.11	0	0.2	0.55	2.03	4.9	0	0	20.68
"162"	45.56	0	6	5.75	5.02	5.26	4.09	3.97	5.62	4.93	4.61	3.1	4.49	1.6
"163"	69.02	0	3.49	2.75	2.16	2.34	1.06	1.63	2.93	9.11	2	1.34	2.18	0
"164"	44.29	29.75	0.87	0	0	11.09	0	0	0	2.51	0	2.21	0	9.29
"165"	44.39	0.79	11.19	4.64	4.16	4.61	3.56	3.72	4.97	4.52	4.03	3.2	3.98	2.23
"166"	88.94	2.83	6.94	0	0	0	0	0	0	0	0.21	0.87	0	0.21
"167"	11.44	5.53	8.83	5.6	5.03	19.92	2.98	5.58	5.99	10.12	4.31	4.9	4.89	4.89
"168"	75.98	0	1.65	0	2.54	0	0	0	0	0	5.2	10.79	0	3.84
"169"	21.13	0.35	11.67	5.75	11.17	5.79	6	4.68	6.21	5.51	5.45	6.58	4.82	4.88
"170"	21.07	0.51	57.99	3.4	2.04	2.03	1.29	1.48	2.53	2.21	1.74	1.11	1.64	0.95
"171"	19.5	5.74	8.4	2.54	2.22	26.54	0	4.96	2.99	10.55	1.3	4.68	2.63	7.94
"172"	3.57	1.03	55.86	5.32	3.46	3.16	1.91	2.35	3.84	10.97	2.86	2.29	2.79	0.6
"173"	29.63	2.86	61.78	0	0	0	0	0	0	0	0	0	0	5.73
"174"	6.69	0.88	76.5	2.73	2.24	1.56	0.84	1.12	2.1	1.72	1.51	0.66	1.35	0.11
"175"	41.73	0.04	6.63	5.92	5.11	5.74	3.99	4.37	6.17	5.44	5.07	3.46	4.93	1.39
"176"	7.09	0	49.95	0	0.47	0	0	0	0	0	0	0	9.98	32.51
"177"	40.31	0.45	13.07	5.47	4.69	5.02	3.54	3.86	5.43	4.66	4.58	3.33	4.36	1.23
"178"	40.23	0	11.04	5.52	4.83	5.29	4.24	4.02	5.73	4.96	4.65	3.04	4.54	1.9
"179"	77.9	0	10.79	1.45	1.04	1.45	0.17	1.14	1.74	1.67	0.91	0.49	1.27	0
"180"	46.41	0	29.46	3.67	2.33	2.54	0.88	1.88	3.04	2.62	2.49	1.51	2.16	1
"181"	8.87	0	72.22	0.94	1.88	1.47	0.54	1.12	2.08	5.51	1.45	2.52	1.41	0
"182"	7.16	1.13	78.38	1.51	1.67	1.31	1.39	0.75	1.57	2.25	1.09	0.33	1.15	0.28
"183"	21.24	0	24.47	4.68	4.65	4.99	3.41	3.95	5.44	4.56	9.9	4.51	4.13	4.08
"184"	49.22	0	6.27	4.94	4.52	4.85	3.69	3.77	5.19	4.55	4.26	3.05	4.11	1.59
"185"	58.2	0	4.59	4.21	3.62	4.08	2.3	3.1	4.44	5.64	3.42	2.51	3.5	0.38
"186"	19.41	0	51.38	9.87	2.18	2.13	1.95	1.81	2.46	1.83	2.78	0.3	2.02	1.88
"187"	42.31	0	27.47	3.52	2.94	3.44	2.26	2.55	3.8	3.36	3.01	1.87	2.9	0.56
"188"	63.6	0	29.33	2.34	0.12	0.13	0	0	0.58	1.28	0.46	0	0.08	2.07
"189"	42.88	0.4	10.63	5.05	4.65	4.97	3.23	3.93	5.39	4.64	4.69	3.47	4.37	1.7
"190"	35.15	5.23	6.22	6.04	5.45	5.82	4.42	4.37	6.34	5.7	5.25	3.57	5.03	1.41
"191"	45.27	0	12.15	5	4.41	4.76	3.22	3.57	5.15	4.43	4.14	2.82	4.06	1.01
"192"	95.02	0.59	1.92	0	0	0	0	0	0	0.35	0	1.54	0	0.59
"193"	18.32	0	68	0.55	1.59	1.48	0.69	0.84	1.89	2.67	1.31	1.47	1.18	0
"194"	85.14	0	0	0	0	0	5.75	0	0	0	0	0	0	9.11
"195"	50.85	0	34.01	1.54	1.27	1.64	0	1.89	1.98	1.9	1.14	1.83	1.95	0
"196"	4.22	0.56	68.35	5.45	2.92	2.57	1.47	1.62	2.99	2.67	2.17	1.54	1.99	1.48
"197"	42.6	1.48	7.32	5.32	4.62	5.22	3.63	3.94	5.62	5.34	4.67	3.28	4.46	2.51
"198"	37.99	1.24	7.06	6.08	5.38	5.84	4.16	4.66	6.27	5.52	5.18	3.52	5.44	1.65
"199"	77.45	0	1.32	0	3.77	0	0	0	0	14.99	0	1.55	0	0.92
"200"	60.5	4.37	14.69	1.25	2.3	1.3	0.93	1.27	1.71	1.43	3.92	2.3	1.21	2.82
"201"	31.53	2.2	6.51	8.7	5.95	6.27	4.46	4.74	6.66	5.74	5.42	3.93	5.34	2.56
"202"	69	0	1.08	20.95	0.49	0.87	0	0.66	1.11	1.2	0.95	0	0.69	3
"203"	42.06	0.78	5.46	10.06	4.77	5.24	3.59	4.01	5.66	4.9	4.61	3.14	4.5	1.21
"204"	32.36	0	0	67.64	0	0	0	0	0	0	0	0	0	0
"205"	16.7	3.22	7.98	9.99	7.3	7.58	5.66	5.72	8.11	7.07	6.74	4.91	6.53	2.5
"206"	57.98	0	4.17	4.24	3.47	3.96	2.78	3.46	4.31	3.63	3.2	2.76	4.41	1.64
"207"	19.87	1.29	5.6	26.57	5.32	5.54	4.32	4.3	6.07	5.74	4.9	3.49	4.84	2.15
"208"	23.77	18	1.81	3.43	12.68	2.16	1.33	0.91	1.76	2.08	4.51	7.73	0.87	18.96
"209"	52.4	5.45	8.52	15.28	1.41	0.67	0.59	0.5	1.23	0.39	0.78	0.8	0.63	11.37
"210"	83.31	0	0	0	0	0	0	0	0	16.69	0	0	0	0
"211"	28.43	1.2	6.98	7.09	6.36	6.75	5.65	5.09	7.22	6.38	6.01	4.22	5.8	2.82
"212"	85.98	0	0	0.39	12.85	0	0	0	0	0	0	0.78	0	0
"213"	90.42	0	0	0	9.58	0	0	0	0	0	0	0	0	0
"214"	45.75	0	0.73	6.49	5.26	0	0	0	0.62	0	0	0	0	41.14
"215"	9.42	0	0	83.77	0	0	0	0	0	6.81	0	0	0	0
"216"	55.14	0	4.84	4.89	3.77	4.52	2.97	3.44	4.89	4.23	3.9	2.88	3.89	0.64
"217"	49.24	0	0	50.76	0	0	0	0	0	0	0	0	0	0
"218"	74.76	0	0.35	19.85	0.13	0	0	0	0.17	0	0.08	0	0	4.66
"219"	5.84	0.51	0	89.93	0	0	0	0	0	0	0	0	0	3.72
"220"	50.62	0	5.05	5.14	4.45	4.9	3.59	3.72	5.27	4.57	4.34	2.96	4.2	1.18
"221"	30.43	1.29	6.74	7.93	5.95	6.29	4.65	4.74	6.8	5.9	5.7	3.79	5.46	4.33
"222"	54.3	0	4.83	4.92	4.15	4.67	2.78	3.56	5.05	4.53	3.95	2.66	4.01	0.59
"223"	17.89	0	0	82.11	0	0	0	0	0	0	0	0	0	0
"224"	29.04	14.85	0	56.11	0	0	0	0	0	0	0	0	0	0
"225"	3.87	0	0	95.65	0	0	0	0	0	0.01	0	0.27	0	0.2
"226"	89.33	0	0	4.69	0	0	0	0	0	0	0	0	0	5.99
"227"	57.89	0	4.06	4.58	3.74	3.81	1.74	2.86	4.23	4.16	3.38	2	3.27	4.27
"228"	55.2	0	4.51	4.74	3.83	4.3	3.63	3.31	4.64	4.34	3.88	2.54	3.69	1.38
"229"	56.06	0	0	43.94	0	0	0	0	0	0	0	0	0	0
"230"	69.04	0	3.33	3.42	3.41	3.21	1.66	2.45	3.48	2.92	2.45	1.68	2.74	0.22
"231"	3.14	0	0	89.11	0	0	0	0	0	7.74	0	0	0	0
"232"	82.98	0	2.03	2.56	1.36	1.4	0	1.01	1.59	1.76	0.96	0.6	1.12	2.63
"233"	93.09	0	0	1.01	4.09	0	0	0	0	0	0	0.81	0	0.99
"234"	55.86	0	4.65	5.26	3.89	4.48	2.77	3.41	4.85	4.16	3.8	2.51	3.85	0.51
"235"	27.73	0	0	11.53	48.56	0	0	0	0	0	0	9.31	0	2.87
"236"	82.8	0	0	11.04	6.16	0	0	0	0	0	0	0	0	0
"237"	41.7	0	0	38.03	0	0	0	0	0	0	0	0	0	20.28
"238"	49.7	0.98	4.96	5.91	4.2	4.73	3.42	3.62	5.06	4.47	4.15	2.9	4.01	1.88
"239"	92.26	0	2.09	3.62	0	0.37	0	0.21	0.48	0.72	0	0	0.25	0
"240"	23.91	2.04	7.33	7.54	6.74	7.1	5.22	5.4	7.57	7.89	6.28	4.43	6.07	2.48
"241"	88.9	4.79	0	4.06	0	0	0	0	0	2.25	0	0	0	0
"242"	65.29	10.31	0	23.48	0.91	0	0	0	0	0	0	0	0	0
"243"	38.97	1.43	6.04	6.08	5.4	5.8	4.59	4.38	6.23	5.51	5.17	3.5	4.98	1.92
"244"	50.03	0	5.25	5.28	4.44	5.04	3.34	3.85	5.44	4.72	4.39	2.97	4.33	0.92
"245"	89.97	9.08	0	0.94	0	0	0	0	0	0	0	0	0	0
"246"	87.25	0	0.06	0.2	0	0	5.74	0	0.13	0	0	0	0	6.62
"247"	61.56	0	3.96	4.01	3.33	3.82	2.87	2.88	4.12	3.58	3.09	2.12	3.25	1.41
"248"	62.68	0	0	37.32	0	0	0	0	0	0	0	0	0	0
"249"	92.31	0	0	3.3	0	0	0	0	0	0	0	0	0	4.39
"250"	11.7	1.8	5.34	35.94	5.47	5.48	3.92	4.13	5.92	5.05	4.86	3.57	4.72	2.1
"251"	20.16	12.91	0	55.28	1.3	0	0	0	0	0	0	4.15	0	6.21
"252"	33.28	0.52	5.25	16.66	4.68	5.28	3.9	3.87	5.46	4.72	4.48	3.47	4.36	4.06
"253"	7.7	2.47	7.01	24.25	6.93	6.98	5.42	5.33	7.4	6.54	6.23	4.69	6.05	2.98
"254"	39.11	1.43	6.15	6.53	5.11	5.71	4.27	4.46	6.13	5.3	4.99	3.46	4.92	2.43
"255"	37.6	0.98	6.07	8.26	5.25	5.83	4.34	4.48	6.22	5.42	5.1	3.48	4.98	1.97
"256"	69.02	0.75	0	0	28.23	0	0	0	0	0	0	2	0	0
"257"	26.22	1.33	7	8.58	6.33	6.67	5.54	5.19	7.2	6.99	6.01	4.35	5.89	2.69
"258"	11.75	2.14	8.44	8.64	7.74	8.14	7.25	6.13	8.68	7.6	7.26	5.13	7	4.09
"259"	57.61	6.75	0	35.64	0	0	0	0	0	0	0	0	0	0
"260"	43.82	1.01	6.35	6.5	4.67	5.13	3.8	3.99	5.52	4.91	4.45	3.05	4.39	2.4
"261"	91.8	0	0.28	7.92	0	0	0	0	0	0	0	0	0	0
"262"	59.86	0	1.93	25.45	1.46	1.85	0.71	1.52	2.08	1.62	1.26	0.65	1.6	0
"263"	86.17	1.41	0	1.42	0.4	0	0	0	0	0	6.09	0	0	4.51
"264"	82.74	0	1.06	5.82	1.53	0.54	0	0.24	0.83	0.48	0	0	0.35	6.41
"265"	39.85	0.97	5.94	7.12	5.28	5.75	4.08	4.44	6.14	5.33	5.08	3.54	4.96	1.51
"266"	1.63	32.93	0	57.07	0	0	0	0	0	0	0	0	0	8.37
"267"	19.65	3.34	7.44	7.63	6.74	7.15	4.6	6.44	7.54	6.31	6.04	5.81	8.58	2.74
"268"	52.45	5.8	0	41.74	0	0	0	0	0	0	0	0	0	0
"269"	95.17	0	0.13	0.85	2.17	0.24	0	0.08	0.17	0.01	0	1.03	0.15	0
"270"	34.56	0	0	62.88	0	0	0	0	0	2.56	0	0	0	0
"271"	91.61	0	0	2.77	0	0	0	0	0	0	0	0	0	5.62
"272"	47.84	0	5.05	8.65	4.32	4.83	3.57	3.66	5.2	4.46	4.2	2.79	4.14	1.28
"273"	85.28	4.42	0	0	0	0	0	0	0	0	0	0	0	10.3
"274"	56.39	0.07	4.42	5.43	3.32	4.12	2.65	3.14	4.48	4.29	3.56	3.09	3.52	1.53
"275"	39.14	2.18	6.15	6.41	5.51	5.61	4.21	4.26	6.07	5.26	4.98	3.45	4.86	1.92
"276"	0	10.3	0	29.63	9.68	0	7.42	0	0	0	0	3.26	0	39.71
"277"	94.53	0	0.59	2.1	0	0.2	0	0.1	0.35	1.75	0.15	0	0.24	0
"278"	58.82	0	4.08	8.66	3.22	3.79	2.19	2.89	4.13	3.49	3.16	2.11	3.24	0.21
"279"	11.23	0.19	4.66	7.02	21.98	4.64	5.5	3.16	4.8	3.69	5.46	8.45	5.48	13.74
"280"	45.43	0	5.08	10.04	4.31	4.93	3.36	3.8	5.28	5.25	4.21	2.88	4.2	1.24
"281"	85.22	2.89	0	0.34	5.88	0	0	0.02	0	0	0	2.56	0	3.08
"282"	13.7	3.01	6.7	22.85	6.33	6.58	5.09	4.91	6.89	6	5.71	4.3	5.54	2.4
"283"	34.07	0.45	5.17	20.38	4.64	4.92	3.68	3.72	5.29	4.64	4.32	2.94	4.19	1.59
"284"	20.72	0	0	79.28	0	0	0	0	0	0	0	0	0	0
"285"	77.9	0	1.94	2.16	1.87	1.68	0	1.1	2.04	1.5	0.89	0	1.36	7.56
"286"	27.91	1.43	6.81	9.12	6.27	6.56	5.22	5.02	6.93	5.99	5.76	4.38	5.59	3
"287"	70.49	13.23	0	14.43	0	0	0	0	0	0	0	0	0	1.85
"288"	49.14	0	0	50.86	0	0	0	0	0	0	0	0	0	0
"289"	54.31	0	0	0	2.94	0	0	0	0	0	0	0	0	42.75
"290"	39.51	1.65	0	51.24	0	0	0	0	0	0	0	0	0	7.6
"291"	8.03	4.82	7.63	8.92	6.32	7.54	5.88	7.67	7.63	6.48	6.23	4.97	9.63	8.25
"292"	57.38	0	4.38	4.31	4.16	4.18	3.25	3.16	4.53	3.94	3.52	2.4	3.57	1.23
"293"	51.22	0	5.09	5.19	4.23	4.91	3.34	3.79	5.3	4.66	4.28	2.83	4.25	0.92
"294"	80.12	0	0	19.88	0	0	0	0	0	0	0	0	0	0
"295"	80.89	0	3.18	5.55	0.67	0.92	0	0.68	1.19	1.14	0.76	0	0.76	4.26
"296"	81.24	0	2.88	5.24	0.12	1.68	0	2.08	1.21	1.39	0.59	1.76	1.79	0
"297"	31.35	0	0	67.35	1.3	0	0	0	0	0	0	0	0	0
"298"	68.48	0	0	31.52	0	0	0	0	0	0	0	0	0	0
"299"	2.81	8.39	0	78.05	1.99	0	0	0	0	0	0	0	0	8.76
"300"	82.39	0	0	17.61	0	0	0	0	0	0	0	0	0	0
"301"	33.89	0	2.51	2.47	43.89	2.39	2.12	1.54	2.63	2.24	2.16	2.03	2.12	0
"302"	17.68	1.23	3.75	3.52	40.76	4.41	2.88	4.67	3.79	3.08	2.84	4.34	3.01	4.04
"303"	66.38	0	2.72	2.52	5.84	2.29	0	1.65	2.77	2.24	2.2	0.26	1.95	9.17
"304"	42.39	0	5.83	5.76	5.43	5.64	4.34	4.3	6.02	5.24	4.98	3.41	4.84	1.8
"305"	65.69	0	0	0	34.31	0	0	0	0	0	0	0	0	0
"306"	70.01	0	3.54	3.17	3.48	3.09	1.53	2.36	3.35	2.79	2.42	1.61	2.67	0
"307"	30.21	0	0	0	69.79	0	0	0	0	0	0	0	0	0
"308"	65.43	0	3.4	3.37	6.22	3.25	2.03	2.38	3.48	3.03	2.58	1.74	2.78	0.3
"309"	6.57	0	0.56	0.38	86.64	0.59	0.39	0	0.55	1.19	0.73	1.82	0.58	0
"310"	4.58	0	1.53	1.46	76.95	1.32	0	1.11	1.63	2.3	0.45	0	0.91	7.75
"311"	63.11	0	2.93	2.93	13.11	2.79	1.31	2.17	3.1	2.7	2.21	1.27	2.38	0
"312"	44.23	0	4.21	4.16	19.02	4.05	3.02	2.99	4.39	3.83	3.53	2.6	3.51	0.44
"313"	34.56	0.62	6.32	6.22	8.3	6.07	4.71	4.77	6.49	5.81	5.36	3.75	5.2	1.81
"314"	82.88	0	0.7	0.39	4.05	0.33	0.15	0.17	0.65	0.63	1.33	0.42	0.33	7.97
"315"	4.47	11.7	0.83	1.4	71.37	0.73	0.85	6.66	1.09	0.29	0.3	0	0	0.32
"316"	65.79	11.25	0	0	17.92	0	0	0	0	0	0	5.05	0	0
"317"	71.17	0	0	0	27.65	0	0	0	0	0	0	0	0	1.18
"318"	33.29	1.57	5.09	4.9	19.59	4.89	4.07	3.71	5.18	4.5	4.16	2.93	4.08	2.03
"319"	21.24	1.92	0	0	76.82	0	0	0	0	0	0	0	0	0.03
"320"	37.46	0.44	3.95	3.86	28.69	3.8	2.24	2.57	4.11	3.54	3.18	2.79	3.29	0.08
"321"	47.46	0	5.13	5.04	7.75	4.91	3.63	3.69	5.3	4.62	4.24	2.88	4.23	1.13
"322"	92.07	0	0.46	0	3.46	0	0	0	0	0.37	0.09	1.1	0	2.46
"323"	37.77	1.27	5.06	4.91	15.66	4.89	3.54	4	5.19	4.65	4.17	3.02	4.2	1.68
"324"	60.78	0	3.91	3.93	4.18	3.8	2.86	2.87	4.13	3.87	3.12	2.16	3.23	1.14
"325"	69.21	0	2.1	1.47	15.7	1.4	0.03	1.1	1.69	1.35	1.87	0.25	1.1	2.72
"326"	43.95	0	3.92	3.86	8.53	3.71	3.73	2.8	4.17	3.91	4.08	4.28	3.84	9.22
"327"	3.79	0	0	0	96.21	0	0	0	0	0	0	0	0	0
"328"	40.34	2.91	3.16	2.45	23.97	2.74	3.19	3.16	2.85	2.46	2.3	2.59	2.54	5.33
"329"	70.96	0	1.02	1.13	19.16	1.01	1.81	1.61	1.16	1.12	0.24	0.07	0.7	0
"330"	20.8	0	0.83	0.84	74.5	0.79	0	0	0.88	0.72	0.05	0	0.59	0
"331"	57.92	0	0	0	42.08	0	0	0	0	0	0	0	0	0
"332"	82.12	0	0	0	17.88	0	0	0	0	0	0	0	0	0
"333"	24.88	1.95	5.62	5.23	24.03	5.16	3.59	4.11	5.54	4.85	4.48	3.03	4.64	2.9
"334"	77.73	0	0	0	22.27	0	0	0	0	0	0	0	0	0
"335"	46.58	1.57	0	0	51.85	0	0	0	0	0	0	0	0	0
"336"	35.49	0	0	0	64.51	0	0	0	0	0	0	0	0	0
"337"	71.38	3.2	2.37	1.93	6.87	1.76	0.71	1.68	2.08	1.79	3.25	1.54	1.45	0
"338"	0	0	0	0	95.86	0	0	0	0	0	0	0.05	0	4.1
"339"	63.37	0	3.21	2.7	5.63	2.62	0.78	1.81	3.02	2.85	3.55	1.05	2.19	7.22
"340"	20.59	0	0	0	79.41	0	0	0	0	0	0	0	0	0
"341"	27.45	3.17	3.13	2.25	42.56	2.22	0.62	2.98	2.49	1.79	1.89	1.52	1.76	6.17
"342"	56.87	0	0	0	43.13	0	0	0	0	0	0	0	0	0
"343"	48.67	0.18	4.85	4.85	7.97	4.67	3.45	3.69	5.07	4.62	4.18	2.76	4.08	0.94
"344"	90.19	0	0	0	9.81	0	0	0	0	0	0	0	0	0
"345"	54.72	0	3.9	3.88	12.27	3.75	2.21	2.81	4.08	3.67	3.22	2.18	3.26	0.06
"346"	49.78	0	0	0	50.22	0	0	0	0	0	0	0	0	0
"347"	38.81	0.35	6.19	6.15	5.67	5.99	4.46	4.54	6.4	5.58	5.31	3.67	5.16	1.72
"348"	47.9	1.77	3.88	2.21	29.45	2.14	0.92	1.41	2.41	2.34	1.84	1.29	1.89	0.57
"349"	8.29	2.28	0	0	89.43	0	0	0	0	0	0	0	0	0
"350"	62.87	1.56	1.78	1.79	16.16	1.74	0.9	1.34	1.96	1.58	1.81	3.21	1.71	1.6
"351"	64.22	0	0	0	32.25	0	0	0	0	0	0	0	0	3.53
"352"	25.51	0	0.43	1.01	57.95	0.34	1.91	7.47	0.53	0.06	0.1	0	0	4.68
"353"	43.13	0.63	4.47	4.45	12.78	4.32	4.32	3.86	4.66	4.15	3.82	2.58	3.81	3.03
"354"	31.55	2.91	5.14	4.68	23.75	4.63	3.01	3.58	4.97	4.24	4.06	2.83	4.06	0.59
"355"	35.73	0	0	0	64.27	0	0	0	0	0	0	0	0	0
"356"	33.3	3.61	4.35	3.2	29.73	3.72	1.98	2.64	3.63	2.95	2.58	1.72	2.72	3.89
"357"	42.41	0	5.73	5.66	7.37	5.51	3.85	4.2	5.93	5.16	4.85	3.3	4.74	1.3
"358"	35.79	0	0	0	64.21	0	0	0	0	0	0	0	0	0
"359"	33.4	0	0	0	63.71	0	0	0	0	0	0	0	0	2.89
"360"	39.67	1.07	2.7	2.06	33.36	2.37	1.73	3.37	2.46	1.65	1.65	3.28	1.8	2.82
"361"	29.66	0	1.51	1.32	56.68	1.37	0.54	0.99	1.59	1.24	1.11	1.47	1.35	1.18
"362"	42.48	0	0	0	57.52	0	0	0	0	0	0	0	0	0
"363"	24.33	43.5	1.41	0	8.12	0	1.28	0	0.12	0	1.33	5.1	0	14.82
"364"	73.41	2.43	0	0	23.93	0	0	0	0	0	0	0	0	0.23
"365"	9.73	1	0	0	79.58	0	0	0	0	0	0	0	0	9.7
"366"	43.02	0	5.39	5.16	9.83	5.03	3.91	3.82	5.43	4.78	4.42	2.97	4.33	1.91
"367"	90.22	0	0	0	9.68	0	0	0	0	0.1	0	0	0	0
"368"	70.43	0	1.31	1.17	15.38	1.03	0.68	0.46	1.35	1.04	1.35	0.31	0.93	4.56
"369"	88.02	8.74	0	0	3.24	0	0	0	0	0	0	0	0	0
"370"	61.12	0	0	0	29.64	0	0	0	0	0	0	0	0	9.24
"371"	19.85	8.36	0.25	0.02	52.36	0.36	2.69	1.08	0.41	9.85	0.55	2.59	1.63	0
"372"	30.72	1.21	6.85	6.75	6.4	6.59	5.24	5.01	7.05	6.14	5.86	4.07	5.68	2.44
"373"	46.7	0	0	0	53.3	0	0	0	0	0	0	0	0	0
"374"	55.19	0	2.01	1.74	23.8	1.82	0.97	2.18	1.99	1.99	1.88	1.16	1.67	3.6
"375"	16.67	0	0	0	83.33	0	0	0	0	0	0	0	0	0
"376"	71.24	0	0	0	28.76	0	0	0	0	0	0	0	0	0
"377"	3.97	0	0	0	95.24	0	0.79	0	0	0	0	0	0	0
"378"	32.21	2.24	5.29	5.23	18.04	5.14	4.17	3.84	5.51	4.77	4.45	3.12	4.39	1.6
"379"	87.11	7.84	0	0	5.05	0	0	0	0	0	0	0	0	0
"380"	10.75	0.55	1.51	1.53	69.53	1.6	1.64	1.87	1.63	1.62	1.08	0.16	1.16	5.37
"381"	72.03	16.87	0	0	9.53	0	0	0	0	0	0	0.5	0	1.08
"382"	87.53	0	1.09	0.78	3.07	0.59	0	0.3	0.84	0.57	0.56	0	0.51	4.16
"383"	81.81	0	0.9	0.72	6.58	0.62	0	0.39	0.96	0.47	0.91	0	0.57	6.06
"384"	56.76	0	0	0	43.24	0	0	0	0	0	0	0	0	0
"385"	39.57	1.75	5.36	5.14	10.89	5.13	4.3	3.92	5.42	4.66	4.48	3.28	4.36	1.73
"386"	59.62	5.62	2.12	1.45	17.78	1.34	0.98	2.33	1.58	1.43	1.24	1.28	1.34	1.9
"387"	30.27	1.12	6.44	6.34	10.75	6.2	4.89	4.65	6.63	5.82	5.5	3.8	5.39	2.2
"388"	36.93	1.99	0	0	61.08	0	0	0	0	0	0	0	0	0
"389"	78.13	0	0	0	16.55	0	0	0	0	0	0	0	0	5.32
"390"	55.32	0	0	0	44.68	0	0	0	0	0	0	0	0	0
"391"	72.61	0	0	0	27.27	0	0	0	0	0	0	0	0	0.12
"392"	28.89	0.48	0.7	0.52	64.33	0.4	0	0.52	0.68	0.38	0	0	0.34	2.76
"393"	18.65	0	0	0	69.83	0	0	4.97	0	0	0	0.45	0	6.09
"394"	9.47	0	0	0	90.53	0	0	0	0	0	0	0	0	0
"395"	84.32	13.1	0	0	1.13	0	0	0	0	0	0	0	0	1.44
"396"	69.36	0	3.34	3.38	2.9	3.25	1.62	2.46	3.55	3.06	2.67	1.62	2.78	0
"397"	7.03	18.33	1.54	1.27	60	1.11	0	0.01	1.63	0.87	0.36	0.77	1.88	5.19
"398"	62.61	0	3.15	3.09	9.41	3.03	2.34	2.23	3.3	2.87	2.34	1.63	2.59	1.4
"399"	35.04	0.45	6.15	6.09	8.78	5.94	4.81	4.58	6.35	5.52	5.28	3.76	5.13	2.12
"400"	70.31	0	0	0	29.69	0	0	0	0	0	0	0	0	0
"401"	24.47	2.7	0	0	1.24	36.8	0	0	0	0	1.52	0	0	33.27
"402"	27.89	3.25	6.12	5.49	4.98	18.48	3.82	4.25	5.75	4.7	4.71	3.61	4.58	2.38
"403"	22.44	3.43	1.97	0.89	0.86	30.85	0	0	1.41	35	0.65	0.79	0.89	0.81
"404"	19.97	1.5	1.79	1.54	1.31	62.07	1.52	1.08	1.74	2.83	1.01	2.04	1.38	0.22
"405"	2.46	0	1.39	0.87	0.63	84.88	0	0	1.07	0	0.49	6.64	0.96	0.61
"406"	83.87	0	0	0	0	13.04	0	0	0	0	0	0	0	3.09
"407"	25.26	1.48	6.49	6.38	5.87	16.38	4.78	4.63	6.68	5.46	5.52	3.87	5.32	1.89
"408"	58.85	0	0	0	0	39.27	0	0	0	1.88	0	0	0	0
"409"	54.2	0	0	0	0	35.38	0	0	0	0	0	0	0	10.42
"410"	35.41	1.13	6.38	6.3	5.69	7.24	4.44	4.69	6.61	5.77	5.45	3.8	5.28	1.82
"411"	66.84	0	3.27	3.2	2.45	7.29	1.47	2.41	3.38	2.77	2.52	1.69	2.69	0
"412"	57.6	0.42	3.94	3.83	3.78	5.88	2.44	3.61	4.17	4.78	3.08	2.14	3.49	0.83
"413"	58.27	0	4.15	4.14	3.7	5.43	3.21	3.06	4.37	3.72	3.36	2.13	3.41	1.05
"414"	38.48	0.46	6.1	6.03	5.41	7.37	4.34	4.48	6.32	5.48	5.18	3.57	5.05	1.74
"415"	19.29	0	0	0	0	80.71	0	0	0	0	0	0	0	0
"416"	26.83	4.69	2.48	1.37	1.79	47.15	1.23	1.95	1.87	1.78	0.99	0.59	1.28	6.01
"417"	89.4	9.82	0	0	0.71	0	0	0	0	0	0	0.06	0	0
"418"	50.49	0	4.83	4.81	4.07	8.54	2.94	3.54	5.06	4.27	3.99	2.72	4	0.75
"419"	97.88	0	0	0	0	2.12	0	0	0	0	0	0	0	0
"420"	78.59	0	0	0	0	12.96	0	0	0	0	0	0	0	8.46
"421"	42.45	0.23	5.14	5	4.35	13.29	2.96	3.83	5.27	4.47	4.31	3.25	4.24	1.22
"422"	57.63	25.55	0	0	7.9	0	0	0	0	0	0	4.33	0	4.59
"423"	78.26	21.74	0	0	0	0	0	0	0	0	0	0	0	0
"424"	77.62	0	2.01	2.05	1.93	4.29	2.09	1.4	2.19	1.93	1.2	0.64	1.64	1.01
"425"	51.46	13.57	0	0	0	34.06	0	0	0	0	0	0	0	0.91
"426"	70.03	4.12	0	0	0	25.85	0	0	0	0	0	0	0	0
"427"	29.37	2.02	6.94	6.79	6.27	7.74	4.82	5.02	7.09	6.19	5.9	4.13	5.71	2
"428"	12.77	27.41	0	0	1.7	47.21	0.16	0	0	0	0.02	1.54	0	9.19
"429"	89.36	1.58	0	0	4.15	2.89	0	0	0	0	0	2.01	0	0
"430"	76.16	3.33	0	0	0	20.51	0	0	0	0	0	0	0	0
"431"	34.12	2.38	6.54	6.08	5.77	7.08	4.57	4.67	6.44	5.61	5.23	3.84	5.16	2.5
"432"	89.38	2.69	0	0	0	6.58	0	0	0	0	0	0	0	1.34
"433"	10.04	2.47	5.02	2.49	10.16	14.21	0	2.38	3.24	2.74	2.95	4.6	2.91	36.78
"434"	84	0	2	1.35	1.21	2.83	0	0.88	1.56	1.5	1.47	0.02	1.04	2.14
"435"	50.18	0	4.77	4.74	4.1	8.66	3.23	3.48	4.98	4.34	3.96	2.66	3.94	0.95
"436"	34.16	2.73	1.38	1.07	1.04	49.27	0	0.86	1.26	6.68	0.95	0	0.61	0
"437"	92.04	0	0	0	2.74	0.03	0	0	0	0	0	5.2	0	0
"438"	53.14	7.17	3.34	2.97	2.32	3.21	2.19	1.89	3.19	3.24	2.82	4.08	2.43	8.03
"439"	11.92	41.79	0	0	0	37.46	1.15	0	0	0	0	2.71	0	4.97
"440"	53.66	0.19	0.59	0.15	1.73	28.96	2.26	0.22	0.43	0.7	0.22	3.42	0.46	6.99
"441"	30.46	30.53	0	0	0	17.46	0	0	0	0	0	6.71	0	14.83
"442"	72	0	3.61	3.03	2.47	3.39	1.22	2.23	3.21	2.7	2.32	1.35	2.47	0
"443"	68.43	0	0	0	0	31.57	0	0	0	0	0	0	0	0
"444"	10.93	2.97	1.32	0.91	0.77	72.3	0	1.27	1.15	3.93	0.75	1.96	1.08	0.67
"445"	96.25	2.15	0	0	0	1.59	0	0	0	0	0	0	0	0
"446"	38.01	0.52	6.27	6.18	5.47	6.21	4.39	4.67	6.47	5.61	5.33	3.69	5.22	1.96
"447"	16.45	1.9	1.31	1.03	0.98	70.53	2.91	0.85	1.01	0	0.92	0.94	0.65	0.53
"448"	30.37	1.75	6.83	6.73	6.56	6.79	5.08	4.95	7.02	6.07	5.88	4.27	5.65	2.04
"449"	49.89	0	5.21	5.16	4.45	5.17	3.4	3.92	5.41	4.65	4.36	2.9	4.36	1.13
"450"	48.76	9.17	0	0	0	33.42	1.28	1.07	0	0	0	0	0	6.3
"451"	27.56	3.08	3.04	3.03	3.3	42.43	1.72	1.98	3.33	2.68	2.59	2.28	2.45	0.54
"452"	68.55	0.19	0	0	6.48	24.78	0	0	0	0	0	0	0	0
"453"	42.05	12.6	6.01	3.81	3.82	6.35	2.73	2.78	4.17	3.64	3.73	2.74	3.18	2.4
"454"	75.28	22.91	0	1.81	0	0	0	0	0	0	0	0	0	0
"455"	54.26	0	0	0	0	33.16	0	0	0	0	1.77	0	0	10.82
"456"	36.12	4.65	3.21	2.54	2.47	32.15	1.6	2.37	2.88	3.94	1.57	2.15	2.48	1.85
"457"	69.37	0	0	0	0	30.63	0	0	0	0	0	0	0	0
"458"	52.33	0	4.81	4.78	4.32	5.6	3.47	3.52	5.04	4.28	3.99	2.6	3.97	1.29
"459"	53.85	1.06	3.84	3.66	3.31	12.03	2.78	2.73	3.91	3.09	3.02	2.37	3.04	1.3
"460"	78.83	0	0.79	0.77	1.13	6.61	0	0.31	1.1	0.44	1	0	0.47	8.55
"461"	49.79	16.52	2.03	0.94	4.87	16.74	0.55	0.4	1.34	0.31	1.08	1.89	0.77	2.77
"462"	84.1	0	1.02	0.87	0.63	3.98	0	0.74	1.11	0.77	0.95	0	0.6	5.24
"463"	61.68	7.11	3.12	2.86	2.25	4.4	2.13	2	3.17	2.88	2.84	2.37	2.38	0.81
"464"	25.55	5.29	4.69	4.3	4.16	29.24	1.73	3.22	4.73	3.43	3.26	4.81	3.56	2.04
"465"	82.49	13.3	0	0	0	4.21	0	0	0	0	0	0	0	0
"466"	80.82	0	0	0	1.19	17.99	0	0	0	0	0	0	0	0
"467"	21.05	2.23	7.24	7.05	6.87	11.56	5.73	5.18	7.39	6.35	6.11	4.59	5.94	2.71
"468"	44.04	1.45	5.5	5.34	4.62	6.94	3.78	3.99	5.62	4.75	4.57	3.3	4.49	1.64
"469"	48.07	0	5.25	5.17	4.5	6.28	3.74	3.82	5.42	4.74	4.4	2.95	4.31	1.35
"470"	51.77	0	5.06	5.05	4.26	5.09	3.16	3.74	5.29	4.56	4.22	2.81	4.21	0.77
"471"	55.29	7.95	2.21	0.2	3.98	2.62	0	0	0.71	0.05	5.46	0	0	21.52
"472"	65.77	17.42	0	0	0	6.96	0	0	0	0	0	0	0	9.85
"473"	77.12	0	1.34	1.26	1.3	7.74	0	0.63	1.44	0.72	0.31	0	0.86	7.28
"474"	34.45	1.41	6.22	6.08	5.54	9.69	4.44	4.57	6.4	5.39	5.34	3.64	5.11	1.71
"475"	91	4.89	0	0	0	4.11	0	0	0	0	0	0	0	0
"476"	86.01	0	1.99	1.51	0.83	3.67	0	1.11	1.62	1.26	0.71	0.11	1.2	0
"477"	36.32	0.23	4.01	4.04	3.52	29.21	2.62	2.88	4.21	2.98	3.35	2.43	3.32	0.87
"478"	43.57	0.04	5.89	5.66	4.9	5.55	4.24	4.2	5.95	5.24	4.85	3.25	4.73	1.95
"479"	78.34	0	0	0	0	20.96	0	0	0	0	0	0	0	0.7
"480"	89.7	9.37	0	0	0	0	0	0	0	0	0	0	0	0.93
"481"	24.88	1.88	7.26	7.16	6.59	7.21	5.9	5.29	7.49	6.63	6.23	4.3	6.02	3.15
"482"	82.74	9.44	0	0	0	7.82	0	0	0	0	0	0	0	0
"483"	58.42	0	4.29	4.29	3.78	4.45	2.9	3.16	4.5	4.08	3.47	2.38	3.56	0.72
"484"	34.89	3.67	5.31	4.73	4.26	15.43	2.68	4.42	5.22	5.33	3.83	4	4.26	1.97
"485"	37.33	4.63	4.35	0	0	47.49	0	0	0	0	0	0	0	6.19
"486"	65.34	0	3.28	3.21	4.97	5.59	1.97	2.29	3.36	2.92	2.49	1.69	2.69	0.18
"487"	33.53	2.01	6.61	6.44	5.93	6.83	4.63	4.76	6.74	5.88	5.57	3.88	5.41	1.77
"488"	35.97	4.26	0	0	0	53.44	0	0	0	0	0	0	0	6.34
"489"	50.02	0	5.24	5.19	4.44	5.15	3.33	3.85	5.44	4.73	4.39	2.97	4.33	0.92
"490"	30.89	1.71	6.99	6.65	6.1	7.39	4.61	5.05	6.97	6.12	5.77	4.09	5.65	2.02
"491"	87.87	0	0	0	0.51	2.61	0	0	0	0	3.35	0	0	5.66
"492"	93.65	0	0	0	2.16	4.05	0	0	0	0	0	0.14	0	0
"493"	2.79	10.82	0	0.33	0.75	80.33	0	0	0.05	0	1.25	0.38	1.52	1.79
"494"	77.32	0	1.81	1.19	1.06	9.47	0	0.77	1.36	0.54	0.91	0.19	0.93	4.46
"495"	37.63	0	3.72	2.91	5.91	8.8	0.14	1.99	3.51	3.17	3.87	3.7	2.41	22.25
"496"	60.63	0	1.51	1.31	1.19	19.95	0	1.07	1.63	2.94	1.87	0.1	1.05	6.75
"497"	41.57	23.87	2.45	0	8.77	4.66	3.05	0.42	0	0	0	6.9	0.9	7.41
"498"	62.21	37.79	0	0	0	0	0	0	0	0	0	0	0	0
"499"	37.84	18.72	0.23	0.27	1.58	36.06	0	0.16	0.33	2.9	0	1.92	0	0
"500"	41.97	0.78	5.05	4.85	4.17	13.4	2.74	4.02	5.13	5.14	4.03	3	4.13	1.6
"501"	37.43	0	5.77	5.48	4.97	5.36	10.27	4.15	5.82	5.04	4.64	5.72	4.64	0.71
"502"	75.46	0.95	3.27	6.13	1.06	1.51	1.39	1.42	1.79	1.51	1.83	1.59	1.57	0.52
"503"	34.53	0	5.5	5.45	5.2	5.31	14.93	4.04	5.72	5.12	4.49	3.28	4.56	1.87
"504"	28.05	0	0	0	0	0	64.76	0	0	0	0	0	0	7.19
"505"	29.24	4.41	4.62	4.14	4.44	26.98	3.65	3.28	4.47	3.73	3.54	2.6	3.59	1.3
"506"	50.06	0	0	0	0	0	47.82	0	0	0	0	0.52	0	1.6
"507"	10.36	4.99	1.08	0.7	0.96	3.68	63.08	1.21	1.06	1.78	0.82	9.56	0.72	0
"508"	18.07	3.9	0	0	2.57	0	58.77	0	0	0	0	6.12	0	10.58
"509"	10.83	17.32	0	0	4.19	0	38.4	0	0	0	0	14.83	0	14.42
"510"	40.26	0	5.62	5.56	5.02	5.4	7.16	4.08	5.85	5.06	4.75	3.08	4.64	3.53
"511"	38.02	0	5.49	5.46	5.32	5.29	10.27	4.02	5.7	5.03	4.75	5.23	4.56	0.85
"512"	18.64	12.04	0.91	0	0	0	39.84	0	0	0	0	9.36	0	19.22
"513"	41.74	0	5.95	5.91	5.11	5.76	4.63	4.38	6.19	5.4	5.07	3.39	4.94	1.53
"514"	85.33	4.65	0	0	0	0	8.45	0	0	0	0	0	0	1.57
"515"	15.58	0	0	0	73.42	0	9.9	0	0	0	0	1.1	0	0
"516"	30.18	9.43	3.56	3.34	6.55	3.08	8.7	2.16	3.9	3.68	4.54	5.76	3.03	12.1
"517"	42.37	0.02	5.8	5.73	5.31	5.61	4.68	4.28	6	5.22	4.96	3.4	4.82	1.79
"518"	27.63	0	0	0	0	0	65.86	0	0	0	0	6.5	0	0
"519"	23.09	0	0	0	1.03	0	75.88	0	0	0	0	0	0	0
"520"	17.04	9.33	0	0	0	0	55.34	0	0	0	0	0	0	18.29
"521"	42.2	0	0	0	0	0	57.26	0	0	0	0	0	0	0.54
"522"	48.37	0	0	0	0	0	50.62	0	0	0	0	1.02	0	0
"523"	70.75	0.22	2.47	2.5	2.11	2.34	4.8	1.84	2.67	2.49	2.67	1.59	2.01	1.54
"524"	40.99	0.27	5.31	5.28	5.4	5.2	9.31	3.94	5.54	4.88	4.67	3.4	4.39	1.43
"525"	45.28	2.13	6.32	5.78	4.61	5.04	3.53	3.86	5.53	4.78	4.62	3.19	4.41	0.93
"526"	86	0	0	0	0.48	0	12.45	0	0	0	0	1.07	0	0
"527"	34.73	0	0	0	0	0	59.04	0	0	0	0	6.23	0	0
"528"	89.74	0	0	0	0	0	0	0	0	3.65	0	0	0	6.61
"529"	91.07	0	1.21	0.74	0.43	0.7	0	0.3	0.93	0.75	1.35	0.26	0.48	1.8
"530"	11.35	8.91	0	0	0	0	79.74	0	0	0	0	0	0	0
"531"	49.77	0	4.28	4.25	3.94	4.13	11.23	3.11	4.48	4	3.48	2.27	3.52	1.54
"532"	91.72	0	0	0	0	0	8.28	0	0	0	0	0	0	0
"533"	57.86	0	0	0	0	0	42.14	0	0	0	0	0	0	0
"534"	17.61	13.48	4.99	5.25	4.91	4.53	19.93	3.47	5.15	4.32	4.16	7.27	3.98	0.93
"535"	22.65	2.09	7.14	7.05	6.64	6.86	8.42	5.2	7.38	6.46	6.18	4.38	5.91	3.66
"536"	62.74	0	0	0	0	0	36.09	0	0	0	0	0	0	1.17
"537"	91.6	6.84	1.56	0	0	0	0	0	0	0	0	0	0	0
"538"	56.6	0	0	0	0	0	43.4	0	0	0	0	0	0	0
"539"	83.59	0	1.63	1	0.93	0.93	4.35	0.6	1.22	1.23	1.31	0	0.74	2.48
"540"	41.01	0.62	6.07	5.72	5.22	5.59	5.79	4.31	5.99	5.19	4.93	3.24	4.83	1.5
"541"	28.44	3.52	6.91	6.55	6.45	6.48	5.14	5.14	6.9	6.85	5.71	4.17	5.67	2.06
"542"	6.84	11.06	0	0	12.46	0	30.8	0.84	0.34	20.25	0.31	1.57	0	15.52
"543"	65.9	0	0.64	0.55	2.08	0.4	12.66	0	0.78	0.86	2.37	0.77	0.26	12.73
"544"	81.14	5.28	0.84	0.7	2.09	0.57	5.13	0.38	0.89	0.71	0.6	1.08	0.59	0
"545"	35.65	3.12	5.72	5.63	5.28	5.5	9.71	4.15	5.9	5.17	4.93	3	4.7	1.51
"546"	89.4	1.7	1.6	1.16	0	0	0	0	0	1.28	0.57	0.41	0	3.89
"547"	28.19	1.31	6.95	6.89	6.41	6.75	6.92	5.12	7.18	6.28	5.99	4.17	5.78	2.07
"548"	78.95	0	2.11	0	0	0	12.1	0	0.14	0.25	0.26	3.65	0	2.54
"549"	37.76	0	2.32	2.2	2.06	2.24	32.64	2.28	2.54	2.27	2.06	8.35	1.84	1.46
"550"	89.1	0	0	0	2.9	0	0	0	0	0	0	0	0	8
"551"	17.77	4.57	0	0	0.14	0	53.09	0	0	0	0	16.45	0	7.99
"552"	8.79	0	2.17	2.02	1.29	1.38	67.62	1.35	2.29	1.6	0	0	2.15	9.32
"553"	34.02	0.92	6.35	6.32	6.48	6.15	6.83	4.7	6.57	5.82	5.49	3.57	5.31	1.49
"554"	62.49	0	3.28	3.11	2.57	2.95	7.12	2.22	3.36	2.75	2.64	1.31	2.54	3.65
"555"	77.11	0	0	0	0	0	22.89	0	0	0	0	0	0	0
"556"	39.68	1.07	5.95	5.8	5.08	5.71	5.61	4.42	6.1	5.28	4.99	3.47	4.86	1.97
"557"	69.41	0	2.71	2.7	1.75	2.83	0	1.8	2.77	1.94	2.45	3.7	2.29	5.63
"558"	74.02	0	0	0	0	0	20.38	0	0	0	0	5.6	0	0
"559"	39.19	2.26	3.18	3.09	7.11	2.94	18.02	1.98	3.28	2.72	2.74	2.83	2.54	8.12
"560"	20.36	0.45	3.89	3.64	3.54	3.52	42.33	3.04	3.9	3.22	3.76	4.59	3.17	0.57
"561"	80.67	0	1.3	1.34	0.97	1.28	7.64	0.82	1.49	1.51	0.51	0.66	1.01	0.79
"562"	19.53	4.8	6.02	5.85	5.86	5.83	20.48	4.37	6.19	5.31	5.33	4.02	4.96	1.45
"563"	82.76	0	0	0	0	0	17.24	0	0	0	0	0	0	0
"564"	50.32	0	4.63	4.61	3.81	4.47	8.57	3.42	4.87	4.23	3.85	2.56	3.82	0.85
"565"	16.56	11.97	3.57	2.83	2.19	2.23	0.82	1.36	2.93	6.38	7.05	9.4	2.24	30.46
"566"	53.21	0	0	0	0	0	46.79	0	0	0	0	0	0	0
"567"	60.39	0	4.08	4.07	3.61	3.95	3.36	2.97	4.26	3.73	3.37	2.14	3.38	0.71
"568"	1.97	3.75	0.27	0.34	0	0.22	86.96	1.01	0.11	1.02	1.49	0	1.69	1.18
"569"	26.01	1.69	7.18	7.1	6.67	6.93	6.15	5.24	7.41	6.6	6.15	4.31	5.95	2.63
"570"	60.6	0.97	0	0	0	0	38.43	0	0	0	0	0	0	0
"571"	33.03	0.92	5.6	5.39	6.45	5.34	15.35	4.43	5.68	4.87	4.72	2.77	4.56	0.89
"572"	81.91	0	2.24	2.47	0.81	1.25	0	1.01	1.57	1.91	1.4	0.73	1.29	3.4
"573"	90.94	0	1.09	0.62	0.37	0.57	1.08	0.22	0.8	0.62	1.27	0.14	0.37	1.92
"574"	76.37	0	1.23	1.21	1.29	1.09	6.62	0.81	1.44	1.26	1.44	0.33	0.9	6.01
"575"	16.26	4.41	6.79	6.62	6.93	6.6	13.2	5.15	6.96	7.19	5.95	4.45	5.65	3.83
"576"	92.57	0	0	0	0	0	0	0	0	0	0	0	0	7.43
"577"	73.9	0	0	0	0	0	20.38	0	0	0	0	4.51	0	1.2
"578"	86.57	0	0	0	0	0	7.31	0	0	0	0	0	0	6.12
"579"	87.05	0	0	0	1.21	0	0	0.31	0	11.42	0	0	0	0
"580"	62.14	0	0	0	0	0	36.54	0	0	0	0	1.32	0	0
"581"	49.39	0	0	0	0	0	50.61	0	0	0	0	0	0	0
"582"	73.5	11.5	0	0	0	0	15	0	0	0	0	0	0	0
"583"	60.24	39.76	0	0	0	0	0	0	0	0	0	0	0	0
"584"	46.31	0.39	4.61	4.49	4.64	4.4	12.23	3.46	4.76	4.16	4.08	1.73	3.78	0.95
"585"	47.7	0	4.73	4.69	4.04	4.53	9.31	3.45	4.94	4.24	4	2.79	3.91	1.66
"586"	41.9	0	0	0	0	0	57.11	0	0	0	0	0.98	0	0
"587"	6.03	0	0.26	0.01	2.21	0.47	31.3	0.7	0.66	0.66	0	57.7	0	0
"588"	65.21	0	0	0	0	0	34.79	0	0	0	0	0	0	0
"589"	59.5	0	3.74	3.61	3.13	3.54	8.94	2.72	3.83	3.25	2.96	1.63	3	0.14
"590"	27.81	0	6.1	5.38	4.84	5.34	18.15	4.59	5.81	4.98	4.34	5.66	4.51	2.48
"591"	72.07	9.84	0	0	0	0	18.09	0	0	0	0	0	0	0
"592"	0.22	28.75	0	0	0	0	71.03	0	0	0	0	0	0	0
"593"	75.43	1.49	0	0	0	0	23.08	0	0	0	0	0	0	0
"594"	43.03	0	0	0	0	0	32.74	0	0	0	2.64	1.6	0	19.98
"595"	56.49	0	0	0	0	0	30.38	0	0	0	0	13.13	0	0
"596"	41.92	12.95	2.46	2.69	3.97	2.33	15.72	1.42	2.65	2.73	2.16	4.17	1.95	2.89
"597"	86.1	0	0	0	0	0	13.9	0	0	0	0	0	0	0
"598"	54.48	0	3.52	3.51	2.94	3.5	12.77	2.7	3.7	3.15	3.09	1.15	2.9	2.59
"599"	62.65	2.8	2.71	2.7	6.24	2.74	1.02	1.7	2.8	2.2	2.26	5.26	2.55	2.36
"600"	86.11	0	2.09	1.61	1.03	1.54	1.13	1.22	1.72	1.3	0.78	0.17	1.3	0
"601"	12.71	0	0	0	0	0	0	87.29	0	0	0	0	0	0
"602"	68.78	0.64	0	0	0	0	0	30.58	0	0	0	0	0	0
"603"	47.71	7.03	1.32	1.47	8.51	0.86	0	7.01	1.61	0.32	1.9	1.56	0.79	19.91
"604"	67.97	0	2.16	1.87	2.43	1.8	0	3.03	2.21	1.99	2.61	0	1.5	12.43
"605"	10.93	2.5	8.55	8.42	7.87	8.25	7.02	6.32	8.77	7.76	7.34	5.17	7.18	3.91
"606"	13.25	0.14	3.17	3.55	3.56	3.12	1.17	45.39	3.86	15.19	2.82	3.56	0	1.2
"607"	94.75	0.77	0	0	0	0	0	4.48	0	0	0	0	0	0
"608"	84.89	0	0	0	2.45	0	0	12.66	0	0	0	0	0	0
"609"	15.96	0	0	0	0	0	0	84.04	0	0	0	0	0	0
"610"	30	1.33	6.94	7.19	6.04	6.56	4.74	5.41	7.02	6.15	5.75	4.04	5.83	3
"611"	16.67	0	0.42	1.15	0	0	0	66.21	0.04	14.68	0.71	0.13	0	0
"612"	78.19	0	0	0	17.06	0	0	4.75	0	0	0	0	0	0
"613"	2.25	0	0	0	69.43	0	0	3.81	0	0	3.86	6.4	0	14.26
"614"	0	0	0	0	0	0	0	60.67	0	39.33	0	0	0	0
"615"	54.52	9.77	4.32	3.15	2.81	2.97	2.43	5.33	3.48	2.6	2.94	1.89	2.29	1.5
"616"	38.55	0.31	6.14	5.93	5.41	5.73	3.92	5.24	6.17	5.61	5.09	3.57	6.46	1.87
"617"	5.49	1.11	1.92	1.52	48.62	2.08	5.76	4.15	1.81	2.16	2.5	13.76	1.3	7.82
"618"	15.98	1.94	1.84	2.64	2.22	1.59	0.08	7.23	1.92	2.25	1.63	3.99	54.55	2.13
"619"	60.19	6.16	0	0	0	0	0	33.65	0	0	0	0	0	0
"620"	52.84	0	0	0	0	0	0	17.18	0	3.06	0	0	26.92	0
"621"	55.55	0.51	0.33	0.02	32.64	0.08	0.13	2.28	0.07	0.48	0.64	4.35	1.58	1.33
"622"	28.94	3.45	4.41	4.04	3.97	3.7	2.8	28.59	4.32	2.19	3.51	2.92	6.52	0.64
"623"	13.85	0.89	7.93	7.81	7.04	7.64	9.03	5.89	8.16	7.27	6.74	4.56	6.54	6.65
"624"	10.62	0	4.57	4.65	6.67	4.74	2.53	16.1	4.95	10.18	3.84	0.75	21.82	8.57
"625"	28.42	0	0	0	0	0	0	71.58	0	0	0	0	0	0
"626"	30.59	1.13	6.71	6.63	6.02	6.43	5.11	7.18	6.9	5.9	5.71	4	5.31	2.38
"627"	94.96	0	0	0	2.03	0.07	0	0.79	0	0.14	0	0.76	1.25	0
"628"	38.11	0.74	6.38	6.09	5.49	5.95	4.3	5.51	6.41	5.46	5.27	3.59	5.04	1.65
"629"	92.52	0	0	0	0	0	0	7.48	0	0	0	0	0	0
"630"	51.3	0	4.36	4.32	4.43	4.18	2.83	10	4.57	3.81	3.58	2.48	3.52	0.61
"631"	48.17	0	0	0	0	0	0	51.83	0	0	0	0	0	0
"632"	36.01	1.18	2.36	1.63	1.43	1.49	0.96	39.28	1.84	0	1.25	1.11	10.53	0.92
"633"	72.62	14.02	0	0	0	0	0	9.06	0	0	0	0	0.88	3.43
"634"	72.67	0	1.95	1.96	2.48	1.8	0	2.63	2.22	1.88	2.58	0.84	2.7	6.29
"635"	82.56	0	1.4	1.55	1.3	1.13	0	1.16	1.44	1.28	1.01	0	3.53	3.66
